0.01,-0.06,0.04,169565,3

0.00,-0.03,0.00,169643,3

-0.03,-0.08,0.04,169654,3

0.00,-0.05,0.06,169664,3

0.02,-0.02,0.11,169677,3

0.01,0.00,0.08,169690,3

-0.02,-0.01,0.03,169701,3

0.02,-0.02,0.09,169712,3

0.02,0.00,0.12,169722,3

0.02,-0.03,0.11,169735,3

0.01,-0.02,-0.02,169747,3

0.01,-0.03,0.04,169759,3

0.01,-0.01,0.12,169771,3

0.00,-0.03,0.03,169782,3

0.03,0.00,0.00,169793,3

0.03,-0.01,0.03,169804,3

0.03,-0.01,0.09,169816,3

0.01,-0.02,0.14,169827,3

0.01,-0.02,0.12,169839,3

0.00,-0.05,0.03,169861,3

0.00,-0.02,0.10,169872,3

0.02,-0.07,0.08,169883,3

0.00,-0.02,0.00,169894,3

0.00,-0.04,0.04,169907,3

0.00,-0.03,0.10,169918,3

0.01,-0.04,0.13,169929,3

0.00,-0.04,0.08,169940,3

0.04,-0.04,0.03,169952,3

0.05,-0.01,0.13,169963,3

0.04,0.01,0.15,169974,3

0.04,0.00,0.16,169985,3

0.02,-0.07,-0.01,169998,3

0.02,-0.09,0.01,170010,3

0.00,-0.02,0.11,170021,3

0.04,0.00,0.07,170033,3

0.02,0.00,0.07,170043,3

0.02,0.00,0.06,170055,3

0.00,-0.01,0.11,170077,3

0.02,-0.02,0.13,170089,3

0.03,-0.01,0.04,170101,3

0.01,-0.03,0.06,170112,3

0.01,-0.03,0.12,170123,3

-0.01,-0.08,0.03,170134,3

0.00,-0.06,-0.01,170146,3

0.01,-0.03,0.04,170159,3

0.04,-0.01,0.10,170171,3

0.02,-0.04,0.09,170182,3

0.00,-0.01,0.03,170193,3

0.04,-0.01,0.09,170205,3

0.03,-0.01,0.11,170216,3

0.04,0.00,0.13,170228,3

0.03,-0.02,0.13,170241,3

0.02,-0.05,0.02,170252,3

0.05,-0.09,0.04,170262,3

0.04,-0.03,0.12,170273,3

0.03,-0.02,0.10,170290,3

0.02,-0.01,0.03,170301,3

0.06,-0.02,0.08,170312,3

0.03,-0.03,0.10,170323,3

0.04,-0.04,0.09,170335,3

0.03,-0.03,0.01,170347,3

0.03,-0.01,0.12,170360,3

0.02,-0.01,0.13,170372,3

0.04,0.02,0.14,170383,3

0.03,0.01,0.07,170394,3

0.02,0.00,0.08,170405,3

0.02,-0.03,0.07,170417,3

0.02,-0.05,0.07,170427,3

0.05,-0.06,0.08,170440,3

0.03,-0.02,0.09,170451,3

0.03,-0.04,0.11,170463,3

0.03,-0.01,0.13,170474,3

0.02,-0.06,0.13,170484,3

0.03,0.01,0.07,170498,3

0.04,0.05,0.15,170512,3

0.01,-0.04,0.07,170523,3

0.02,-0.07,0.02,170534,3

0.03,-0.04,-0.01,170546,3

0.04,-0.07,0.00,170558,3

0.00,0.00,0.13,170569,3

0.04,0.07,0.26,170580,3

0.05,-0.06,0.01,170592,3

0.06,-0.05,0.00,170603,3

0.04,-0.03,0.12,170614,3

0.07,0.03,0.16,170625,3

0.07,0.03,0.10,170637,3

0.05,-0.02,0.00,170649,3

0.00,-0.01,0.07,170661,3

-0.04,0.00,0.07,170673,3

-0.01,0.03,0.12,170683,3

-0.02,-0.01,-0.03,170694,3

-0.03,-0.03,0.04,170706,3

0.00,0.00,0.07,170721,3

0.00,-0.03,0.08,170732,3

0.04,0.06,0.06,170743,3

0.01,0.07,0.11,170755,3

0.00,0.05,0.14,170765,3

0.05,0.09,0.21,170776,3

0.09,0.10,0.23,170789,3

0.09,0.10,0.14,170801,3

0.04,0.00,0.11,170812,3

0.01,-0.06,0.08,170823,3

0.07,0.03,0.15,170834,3

0.04,-0.06,-0.02,170846,3

0.03,-0.03,0.02,170859,3

0.05,-0.13,-0.02,170870,3

0.09,-0.18,-0.02,170882,3

0.07,-0.07,0.02,170893,3

0.07,-0.04,0.04,170903,3

0.03,-0.14,0.00,170914,3

0.04,-0.15,-0.02,170927,3

0.03,-0.02,0.07,170942,3

0.02,-0.15,-0.05,170952,3

0.04,0.01,0.14,170963,3

0.07,0.03,0.14,170975,3

0.00,-0.11,-0.01,170986,3

0.01,-0.19,-0.15,170998,3

0.05,-0.04,0.03,171012,3

0.02,-0.14,0.01,171022,3

0.03,-0.05,0.08,171033,3

0.09,0.00,0.01,171044,3

0.02,-0.20,-0.14,171056,3

0.05,-0.16,-0.02,171067,3

0.02,-0.03,0.12,171078,3

0.05,0.04,0.18,171090,3

0.03,-0.01,0.07,171103,3

0.06,0.10,0.20,171113,3

0.02,0.12,0.25,171124,3

0.00,0.15,0.22,171136,3

0.01,0.14,0.19,171151,3

-0.01,0.18,0.25,171162,3

-0.03,0.18,0.22,171173,3

-0.12,0.23,0.24,171185,3

-0.15,0.32,0.15,171196,3

-0.12,0.31,0.10,171208,3

-0.16,0.20,0.08,171219,3

-0.14,0.42,0.25,171231,3

-0.02,0.49,0.30,171242,3

-0.14,0.27,0.14,171253,3

-0.14,0.38,0.16,171265,3

-0.09,0.40,0.08,171276,3

-0.27,0.16,-0.11,171287,3

-0.34,0.01,-0.34,171299,3

-0.35,0.56,-0.06,171312,3

-0.60,0.49,-0.23,171323,3

-0.72,1.36,-0.05,171334,3

-0.83,1.10,-0.28,171345,3

-0.95,1.21,-0.23,171362,3

-0.87,1.29,0.16,171373,3

-0.67,1.94,0.62,171384,3

-1.05,1.83,0.35,171395,3

-1.38,1.76,-0.14,171407,3

-1.39,1.50,-0.10,171418,3

-1.43,1.66,0.00,171429,3

-1.37,1.47,0.00,171442,3

-1.64,1.14,-0.43,171453,3

-1.71,1.32,-0.41,171464,3

-1.58,1.42,-0.55,171474,3

-1.86,1.55,-0.72,171486,3

-1.95,1.67,-1.09,171499,3

-1.99,2.21,-1.21,171511,3

-1.96,2.29,-0.80,171523,3

-0.91,4.75,-1.31,171534,3

-2.27,4.79,-1.68,171545,3

-1.73,2.18,-1.71,171557,3

-1.16,4.09,-2.20,171572,3

-3.37,4.05,-1.70,171583,3

-3.16,3.86,-1.78,171594,3

-3.53,4.25,-1.60,171606,3

-3.71,2.32,-0.63,171617,3

-3.65,0.30,-0.70,171627,3

-6.51,-0.67,-0.22,171640,3

-9.36,-0.97,0.56,171653,3

-8.35,-2.21,-0.50,171663,3

-8.89,-3.22,1.80,171674,3

-9.52,-0.95,0.20,171685,3

-9.97,-0.52,0.26,171698,3

-9.82,-1.13,0.07,171711,3

-9.48,-1.93,0.27,171722,3

-8.89,-3.64,0.44,171734,3

-8.96,-3.35,0.51,171745,3

-9.17,-2.54,0.66,171756,3

-8.99,-2.18,0.72,171766,3

-8.65,-2.12,0.66,171782,3

-7.50,-1.48,0.14,171793,3

-6.94,-1.09,0.14,171804,3

-6.31,-0.72,0.07,171815,3

-5.47,0.03,-0.12,171827,3

-5.06,0.66,-0.25,171839,3

-4.69,1.22,-0.46,171852,3

-3.19,2.23,-0.87,171864,3

-2.57,2.54,-0.92,171875,3

-2.08,3.06,-1.01,171886,3

-1.69,3.67,-1.23,171898,3

-1.01,4.32,-1.43,171911,3

-0.52,4.15,-1.63,171922,3

-0.01,4.54,-1.94,171933,3

0.19,4.62,-2.01,171944,3

0.40,4.69,-2.05,171956,3

0.60,4.84,-2.06,171967,3

0.85,5.19,-1.91,171981,3

1.25,5.34,-1.77,171994,3

2.49,5.09,-1.42,172004,3

3.09,5.06,-1.24,172015,3

3.64,5.33,-1.06,172026,3

4.15,5.64,-0.76,172040,3

5.46,5.20,-0.08,172052,3

7.70,3.73,1.04,172063,3

9.75,3.41,1.38,172075,2

11.14,4.05,1.41,172086,2

13.10,4.70,1.41,172098,2

15.88,5.64,0.53,172110,2

22.00,0.89,2.70,172122,2

22.36,1.20,2.26,172134,2

21.17,0.34,-0.88,172144,2

19.64,0.16,-1.04,172155,2

12.70,6.18,1.54,172167,2

0.58,10.59,8.56,172178,1

-1.66,2.61,0.46,172190,1

0.39,8.79,7.98,172206,1

1.76,2.48,1.50,172217,1

4.15,1.59,-0.75,172227,1

5.20,0.51,-1.72,172240,1

3.03,-1.62,-3.27,172253,1

-1.64,0.22,1.75,172264,1

0.14,2.06,1.64,172275,1

0.40,-3.87,-3.67,172286,1

0.08,-2.07,-2.12,172299,1

0.13,-1.06,-1.09,172311,1

0.59,-0.39,-0.46,172322,1

-0.08,1.03,1.29,172334,1

0.38,0.72,0.76,172345,1

0.09,0.38,0.57,172356,1

0.28,0.68,0.79,172367,1

0.21,0.38,0.43,172378,0

0.08,-0.47,-0.37,172391,0

0.21,-0.12,-0.12,172403,0

0.11,0.04,0.07,172418,0

0.05,-0.13,-0.04,172429,0

0.07,0.00,0.07,172441,0

0.09,-0.01,-0.04,172453,0

0.02,-0.02,0.02,172465,0

0.01,0.04,0.07,172475,0

0.02,0.03,0.10,172486,0

0.07,0.02,0.02,172497,0

0.11,-0.07,0.01,172511,0

0.11,-0.04,0.07,172522,0

0.10,-0.09,0.04,172533,0

0.10,-0.02,0.02,172545,0

0.07,-0.07,0.00,172555,0

0.03,-0.10,0.09,172566,0

0.05,0.00,0.24,172577,0

0.40,1.38,1.07,172590,0

0.23,-0.46,-1.09,172602,0

-0.33,-1.67,-1.03,172614,0

0.00,-0.27,0.24,172628,0

0.05,-0.42,-0.03,172641,0

0.09,0.21,0.33,172653,0

0.10,0.25,0.31,172664,0

0.14,0.24,0.30,172676,0

0.02,0.02,0.18,172687,0

-0.09,-0.12,-0.02,172698,0

-0.05,-0.03,0.00,172710,0

0.05,0.06,0.10,172721,0

0.06,0.14,0.17,172732,0

0.00,0.11,0.16,172744,0

-0.18,0.05,-0.02,172754,0

-0.10,0.33,0.27,172766,0

-0.01,0.50,0.49,172777,0

-0.05,0.47,0.43,172788,0

0.10,0.69,0.41,172802,0

-0.14,0.84,0.41,172814,0

-0.89,2.26,0.16,172825,0

-0.70,1.57,0.44,172836,0

-0.53,1.21,0.69,172852,0

-0.46,1.81,1.05,172864,0

-0.50,1.74,0.94,172875,0

-1.14,1.35,0.31,172887,0

-1.28,1.36,0.00,172898,0

-1.41,1.29,-0.09,172910,0

-1.55,1.35,-0.15,172921,0

-1.74,2.19,0.00,172933,0

-1.97,2.32,0.04,172944,0

-2.41,3.20,0.47,172955,0

-2.91,3.53,0.33,172966,0

-3.35,3.68,-0.04,172978,0

-3.87,3.85,-0.36,172989,0

-4.32,4.05,-1.15,173001,0

-4.43,3.87,-1.23,173015,0

-2.97,5.58,-0.45,173025,0

-1.15,6.48,-0.70,173036,0

-1.73,7.36,-0.58,173047,0

-3.22,5.14,-1.12,173071,0

-4.73,7.92,-1.05,173082,0

-5.51,6.29,-1.65,173094,0

-4.86,6.45,-0.26,173106,0

-5.66,5.27,0.38,173117,0

-6.62,5.23,0.51,173127,0

-10.22,1.44,-0.68,173140,0

-10.02,-3.09,1.17,173153,0

-18.66,-5.80,3.63,173165,0

-12.85,-7.49,3.02,173176,1

-12.77,-4.52,2.62,173188,1

-12.91,3.02,0.88,173199,1

-13.70,3.06,0.94,173212,1

-12.15,0.98,0.82,173223,1

-10.47,-1.79,0.85,173235,1

-10.27,-3.30,1.11,173246,1

-10.65,-1.50,1.01,173257,1

-10.79,-0.44,0.82,173272,1

-10.20,0.14,0.65,173283,1

-9.58,0.02,0.54,173294,1

-7.58,0.15,0.42,173305,1

-6.87,0.85,0.46,173317,1

-6.13,1.47,0.47,173328,1

-5.41,1.83,0.42,173340,1

-4.35,2.76,0.08,173353,1

-3.65,3.08,-0.12,173365,1

-2.28,4.05,-0.26,173376,1

-1.50,5.28,-0.40,173387,1

-0.70,5.70,-0.46,173400,1

0.31,5.95,-0.41,173412,1

1.87,5.88,-0.38,173423,1

2.76,5.82,-0.30,173434,1

4.18,6.71,-0.51,173446,1

5.27,7.46,-0.64,173457,1

5.84,7.71,-0.70,173468,1

6.41,7.65,-0.84,173483,1

7.07,6.71,-1.21,173495,1

7.91,6.88,-1.65,173506,1

8.29,7.36,-1.77,173517,1

9.17,6.65,-2.02,173529,1

10.00,6.10,-1.92,173541,1

11.00,5.64,-1.65,173553,1

13.21,5.05,-0.60,173565,1

16.76,5.33,1.11,173577,0

19.03,5.20,2.14,173588,0

21.59,3.05,2.64,173599,0

21.38,1.69,2.46,173613,0

20.41,0.57,2.10,173624,0

16.13,7.65,-6.87,173635,0

-0.68,-4.95,-0.29,173646,0

-0.23,8.68,8.52,173658,0

-3.33,2.85,3.56,173669,0

0.96,6.69,6.03,173680,0

0.40,11.43,7.42,173696,0

2.55,4.30,1.91,173706,0

1.94,3.03,1.76,173717,0

2.75,2.74,0.64,173728,0

5.47,-1.50,-5.23,173742,0

4.04,-0.23,-2.14,173754,0

0.09,3.25,2.86,173765,0

1.28,0.82,0.40,173776,0

0.47,-0.31,-0.31,173788,0

-0.35,-1.01,-0.57,173800,0

-0.12,-0.66,-0.38,173812,0

0.05,-0.86,-0.65,173824,0

0.17,-0.51,-0.31,173835,0

0.13,0.79,0.79,173846,0

0.03,0.66,0.70,173857,0

0.13,0.31,0.33,173869,0

0.05,-0.08,0.13,173880,0

0.00,-0.06,0.17,173892,0

-0.05,-0.24,-0.19,173906,0

-0.11,-0.46,-0.25,173918,0

-0.10,-0.63,-0.40,173929,0

-0.04,-0.40,-0.17,173941,0

0.00,-0.25,-0.15,173954,0

0.00,0.02,0.09,173966,0

0.03,-0.36,-0.10,173977,0

0.01,-0.60,-0.32,173987,0

0.07,-0.68,-0.56,174000,0

0.07,-0.52,-0.37,174012,0

0.09,-0.16,-0.08,174023,0

0.20,0.58,0.69,174034,0

0.26,0.48,0.62,174046,0

0.28,0.61,0.77,174057,0

0.22,0.41,0.60,174068,0

0.09,0.09,0.38,174080,0

0.12,0.16,0.36,174092,0

0.13,0.15,0.27,174104,0

0.15,0.06,0.18,174116,0

0.10,-0.07,0.04,174131,0

0.07,0.00,0.14,174143,0

0.02,0.08,0.18,174155,0

-0.02,0.29,0.44,174167,0

0.05,0.19,0.37,174178,0

0.11,0.27,0.43,174189,0

0.08,-0.11,-0.04,174200,0

0.06,-0.17,-0.05,174214,0

0.11,-0.06,0.08,174225,0

-0.08,-0.35,-0.28,174236,0

-0.08,-0.17,-0.15,174247,0

-0.04,-0.08,-0.02,174259,0

0.07,0.22,0.30,174270,0

-0.03,0.32,0.35,174280,0

-0.22,0.52,0.20,174294,0

-0.18,0.66,-0.03,174306,0

-0.31,1.90,0.84,174316,0

-0.75,2.07,0.80,174327,0

-0.53,1.88,0.91,174344,0

-0.23,0.91,0.71,174356,0

-0.96,1.48,0.06,174367,0

-0.75,1.54,0.64,174377,0

-0.70,1.40,0.78,174389,0

-0.88,1.41,0.62,174402,0

-1.49,2.15,0.54,174414,0

-1.18,1.88,0.93,174426,0

-1.99,2.51,0.83,174437,0

-2.05,2.88,0.97,174448,0

-2.49,3.38,0.84,174459,0

-3.18,3.94,0.63,174470,0

-3.13,3.37,0.42,174481,0

-3.53,4.23,0.45,174494,0

-4.22,4.98,-0.05,174505,0

-5.11,4.35,-0.44,174517,0

-3.99,4.88,-0.32,174528,0

-3.74,6.16,-0.12,174539,0

-3.13,8.69,0.17,174556,0

-3.20,8.36,-0.37,174567,0

-3.45,5.94,-0.92,174578,0

-4.18,4.09,-0.30,174589,0

-4.02,5.08,-0.63,174602,0

-5.46,6.43,0.07,174614,0

-7.37,6.40,0.30,174625,0

-9.66,4.50,1.02,174637,0

-17.93,-16.33,4.40,174648,0

-9.25,-5.50,1.03,174659,0

-7.17,0.60,-1.41,174670,0

-15.04,-1.82,3.67,174682,0

-13.36,0.91,1.39,174694,0

-12.65,0.85,1.35,174706,0

-11.01,-4.12,1.58,174717,0

-10.66,-3.85,1.39,174729,0

-10.61,-3.94,1.24,174740,0

-10.65,-3.48,1.11,174755,0

-9.93,-1.33,0.65,174767,0

-9.30,-1.34,0.50,174778,0

-8.69,-0.95,0.29,174789,0

-7.46,0.35,-0.48,174801,0

-6.51,0.72,-0.59,174815,0

-5.66,1.16,-0.84,174826,0

-3.69,2.78,-1.59,174837,0

-2.87,3.30,-2.10,174849,0

-2.02,3.62,-2.51,174859,0

-0.79,4.59,-3.15,174870,0

-0.26,5.06,-3.46,174881,0

0.17,5.65,-3.70,174895,0

1.13,6.23,-4.01,174906,0

2.73,5.24,-3.90,174917,0

3.24,5.34,-3.93,174928,0

3.44,6.78,-4.06,174940,0

3.78,7.20,-4.20,174953,0

4.65,6.93,-3.96,174967,0

5.05,6.69,-3.96,174979,0

5.30,6.97,-3.90,174990,0

5.45,7.35,-3.74,175002,0

5.80,7.30,-3.12,175014,0

6.39,7.27,-2.67,175026,0

8.84,5.99,-0.68,175037,0

10.29,5.00,-0.11,175048,0

11.86,4.29,0.43,175059,0

13.94,4.51,0.72,175071,0

19.40,5.53,0.77,175082,0

21.46,5.38,0.78,175094,0

22.42,4.68,1.03,175107,0

19.16,-0.33,1.28,175118,0

16.95,1.14,1.05,175129,0

16.62,7.34,-5.98,175140,0

2.03,-1.28,-0.42,175153,0

1.10,-0.49,-3.72,175166,0

-2.02,2.16,5.01,175180,0

-1.47,3.66,6.04,175192,0

-2.00,8.88,8.67,175205,0

-0.81,6.40,7.58,175217,0

1.48,2.89,1.59,175228,0

2.90,1.46,-0.93,175239,0

4.93,0.58,-2.37,175251,0

2.89,-0.86,-2.89,175263,0

1.87,-0.37,-1.05,175275,0

-0.20,0.94,1.04,175286,0

0.25,-0.73,-0.42,175297,0

0.72,-0.19,-0.67,175308,0

0.16,-0.60,-0.32,175320,0

0.48,0.32,0.40,175331,0

0.77,0.87,0.99,175343,0

0.59,0.64,0.95,175356,0

0.46,1.26,1.31,175368,0

0.14,0.13,0.35,175379,0

0.37,-0.31,-0.17,175390,0

0.38,-0.45,-0.37,175406,0

0.45,-0.28,-0.17,175418,0

0.11,0.26,0.37,175429,0

0.02,0.23,0.39,175440,0

0.14,0.45,0.39,175452,0

0.17,0.31,0.28,175464,0

0.12,0.16,0.23,175475,0

0.08,-0.08,0.02,175488,0

0.07,-0.44,-0.31,175499,0

0.11,-0.42,-0.22,175509,0

0.18,-0.30,-0.09,175520,0

-0.17,0.06,0.34,175532,0

0.03,-0.21,-0.04,175544,0

0.21,-0.18,-0.18,175557,0

0.30,-0.02,0.14,175568,0

0.31,0.01,0.21,175580,0

0.30,-0.01,0.18,175590,0

0.40,0.05,0.09,175602,0

0.25,0.00,0.09,175618,0

0.24,0.03,0.12,175629,0

-0.22,-0.28,-0.14,175640,0

-0.13,-0.28,-0.25,175651,0

-0.02,-0.08,-0.01,175665,0

0.00,-0.05,0.08,175675,0

0.12,-0.11,0.01,175687,0

0.02,-0.16,-0.06,175698,0

0.06,0.23,0.41,175709,0

0.06,0.26,0.42,175720,0

-0.13,0.18,0.37,175731,0

-0.11,-0.05,0.17,175745,0

0.07,-0.16,-0.06,175757,0

0.21,0.08,0.17,175768,0

0.12,0.00,0.18,175779,0

0.03,0.04,0.25,175791,0

-0.06,-0.02,0.00,175802,0

0.00,-0.49,-0.36,175815,0

0.24,0.27,0.41,175830,0

0.21,0.17,0.35,175841,0

0.00,-0.09,0.03,175852,0

-0.03,-0.25,-0.10,175864,0

0.20,-0.31,-0.14,175876,0

0.33,0.04,0.23,175887,0

0.39,-0.16,-0.06,175898,0

0.38,-0.04,0.07,175909,0

0.24,-0.05,0.07,175921,0

0.17,0.22,0.44,175932,0

0.26,0.60,0.79,175944,0

0.27,0.63,0.67,175956,0

0.18,0.44,0.59,175969,0

0.02,0.09,0.21,175980,0

-0.02,-0.50,-0.45,175990,0

0.02,-0.13,-0.06,176003,0

0.07,-0.08,0.00,176015,0

0.16,-0.09,-0.02,176026,0

-0.02,-0.36,-0.33,176040,0

-0.08,-0.33,-0.30,176052,0

0.12,0.38,0.58,176065,0

0.09,0.31,0.51,176075,0

0.09,0.36,0.58,176088,0

0.04,0.19,0.15,176099,0

0.16,0.27,0.26,176110,0

0.37,0.66,0.78,176120,0

0.22,0.44,0.52,176132,0

-0.04,0.25,0.15,176143,0

0.05,0.32,0.07,176156,0

-0.10,0.73,0.13,176168,0

-0.04,0.64,0.27,176179,0

-0.17,0.57,0.27,176190,0

-0.05,0.67,0.28,176201,0

-0.43,0.71,0.07,176214,0

-0.40,0.70,0.25,176225,0

-0.41,0.95,0.31,176236,0

-0.21,0.87,0.51,176248,0

-0.35,1.09,0.62,176264,0

-0.33,1.27,1.05,176275,0

-0.44,1.22,0.90,176286,0

-0.67,1.03,0.45,176299,0

-0.91,1.63,0.45,176309,0

-1.44,1.87,0.04,176320,0

-1.73,2.00,-0.20,176331,0

-1.81,2.42,0.16,176344,0

-1.88,2.86,0.78,176357,0

-2.35,3.05,0.39,176368,0

-2.34,3.60,0.08,176379,0

-2.23,4.01,0.72,176391,0

-2.41,4.61,1.25,176403,0

-2.14,4.31,1.93,176415,0

-0.06,5.15,2.02,176427,0

-0.75,6.63,2.18,176438,0

-1.49,4.83,1.45,176449,0

-3.44,5.54,1.21,176460,0

-2.32,3.51,1.05,176484,0

-1.92,5.92,0.73,176496,0

-3.52,6.04,0.61,176508,0

-6.83,1.38,0.68,176520,0

-9.50,-0.71,0.84,176531,0

-14.34,-4.34,1.60,176542,0

-15.25,-5.12,0.62,176555,0

-13.92,-1.78,3.19,176567,0

-13.64,-1.39,3.58,176579,0

-13.25,-0.78,2.51,176589,0

-12.79,-1.47,2.34,176601,0

-12.18,-1.83,2.46,176613,0

-11.63,-2.65,2.41,176623,0

-11.40,-3.02,2.65,176634,0

-11.15,-2.38,2.76,176648,0

-10.79,-1.92,2.55,176659,0

-9.56,-0.82,1.48,176670,0

-9.08,-0.47,1.07,176681,0

-8.47,-0.23,0.67,176697,0

-7.51,-0.05,-0.10,176709,0

-6.55,0.65,-0.86,176720,0

-5.95,2.61,-1.29,176732,0

-5.36,3.27,-1.48,176743,0

-4.67,3.77,-1.71,176755,0

-3.91,4.16,-1.80,176769,0

-2.67,4.80,-1.62,176780,0

-1.45,5.78,-1.28,176791,0

-0.51,6.01,-0.88,176801,0

0.33,5.84,-0.59,176814,0

1.28,5.58,-0.35,176825,0

2.06,5.58,-0.29,176836,0

3.29,6.46,-0.28,176848,0

4.65,7.41,-0.41,176860,0

5.77,8.06,-0.24,176871,0

6.67,7.76,-0.04,176882,0

7.44,7.11,0.17,176898,0

9.29,7.06,1.10,176910,0

9.95,6.72,1.19,176920,0

10.73,6.27,1.15,176931,0

12.63,5.68,0.66,176944,0

13.88,5.51,0.41,176956,0

15.65,5.63,0.28,176968,0

23.20,6.23,1.88,176979,0

23.96,3.93,1.83,176991,0

22.19,1.56,0.78,177002,0

20.31,-5.38,-1.75,177014,0

14.50,-2.20,-3.10,177026,0

2.17,-0.31,3.67,177037,0

0.18,3.39,0.91,177049,0

1.54,9.08,5.98,177059,0

1.73,13.03,8.80,177071,0

1.90,3.27,1.88,177082,0

2.58,4.16,2.05,177094,0

2.74,3.11,1.45,177106,0

3.37,-2.86,-4.81,177121,0

1.49,0.59,0.38,177132,0

-0.27,2.68,2.59,177144,0

-0.52,-0.49,0.00,177157,0

1.04,0.10,-0.02,177169,0

0.36,-0.62,-0.57,177180,0

0.10,-0.49,-0.40,177191,0

0.03,-0.60,-0.50,177203,0

0.01,-0.43,-0.22,177214,0

0.29,-0.16,-0.04,177225,0

0.64,0.71,0.99,177236,0

0.27,1.19,1.63,177249,0

-0.02,-0.25,0.02,177260,0

0.16,0.31,0.41,177271,0

0.12,0.32,0.48,177283,0

0.04,0.00,0.22,177293,0

0.17,-0.19,-0.18,177306,0

0.16,-0.29,-0.20,177318,0

0.07,-0.09,0.03,177334,0

0.10,-0.06,0.05,177346,0

0.07,-0.07,-0.03,177358,0

0.09,0.00,0.17,177371,0

0.07,0.11,0.29,177381,0

0.03,0.13,0.32,177392,0

-0.02,0.09,0.16,177404,0

0.00,0.00,0.14,177417,0

0.06,0.02,0.20,177428,0

0.07,0.07,0.26,177439,0

0.13,-0.02,0.13,177451,0

0.22,0.04,0.18,177462,0

0.27,0.06,0.31,177473,0

0.27,0.16,0.41,177483,0

0.22,0.15,0.42,177497,0

0.19,-0.03,0.17,177509,0

0.34,0.06,0.33,177520,0

0.13,0.23,0.40,177531,0

0.11,0.22,0.35,177543,0

0.15,0.17,0.28,177559,0

0.11,0.19,0.31,177570,0

0.04,0.13,0.18,177582,0

0.10,0.04,0.18,177593,0

0.10,0.14,0.17,177604,0

0.10,0.50,0.45,177616,0

0.09,0.65,0.47,177628,0

-0.13,0.90,0.51,177639,0

-0.14,1.02,0.63,177650,0

-0.18,1.28,0.48,177661,0

-0.43,0.97,0.34,177673,0

-0.31,0.86,0.41,177684,0

-0.30,1.09,0.62,177694,0

-0.15,1.12,0.59,177708,0

-0.80,2.00,0.66,177720,0

-0.58,1.53,0.93,177731,0

-0.49,1.11,0.93,177742,0

-0.68,1.12,0.57,177753,0

-0.78,1.09,0.51,177769,0

-0.93,1.04,0.32,177780,0

-1.53,1.67,-0.13,177792,0

-1.50,1.78,0.09,177803,0

-1.69,2.09,0.06,177814,0

-1.81,1.67,-0.12,177825,0

-1.94,2.19,0.00,177837,0

-2.22,2.51,0.10,177850,0

-3.13,2.81,-0.78,177861,0

-3.48,3.56,-0.97,177872,0

-3.75,4.57,-1.32,177883,0

-4.21,5.11,-1.47,177895,0

-4.36,5.27,-2.06,177907,0

-2.89,6.02,-2.17,177920,0

-2.79,7.80,-2.29,177931,0

-2.35,4.75,-0.87,177942,0

-1.73,8.66,-1.31,177953,0

-4.19,6.63,-1.31,177966,0

-3.89,6.61,-0.85,177980,0

-6.45,6.66,-0.06,177991,0

-9.69,4.97,-0.24,178002,0

-10.79,-2.06,-1.15,178014,0

-17.61,-7.03,3.40,178025,0

-17.85,-2.07,2.67,178036,0

-11.97,-5.14,0.86,178049,0

-12.30,-8.32,3.17,178061,0

-12.57,1.83,0.62,178072,0

-12.23,1.15,0.23,178083,0

-10.94,0.21,-0.15,178094,0

-9.90,-1.61,-0.52,178107,0

-9.34,-3.69,-0.64,178119,0

-9.59,-2.90,-0.67,178130,0

-10.27,-0.43,-1.34,178142,0

-9.76,-0.13,-1.56,178153,0

-9.02,-0.40,-1.67,178164,0

-8.25,-0.88,-1.78,178179,0

-7.25,-0.66,-1.62,178191,0

-6.14,0.73,-1.76,178202,0

-5.28,1.73,-1.84,178213,0

-4.56,2.51,-1.89,178224,0

-3.73,3.02,-2.03,178235,0

-2.82,3.44,-2.19,178248,0

-1.63,4.52,-2.76,178260,0

-0.52,5.44,-3.14,178272,0

0.19,6.72,-3.37,178283,0

1.00,6.90,-3.53,178293,0

1.88,6.59,-3.71,178307,0

2.73,6.19,-3.67,178319,0

3.35,7.30,-3.64,178330,0

4.48,8.72,-3.71,178341,0

5.82,8.51,-3.58,178353,0

6.77,8.10,-3.22,178364,0

7.48,7.78,-2.76,178375,0

8.04,7.71,-2.17,178390,0

8.83,6.84,-0.95,178401,0

10.34,6.46,0.44,178412,0

12.32,5.00,1.44,178423,0

13.53,3.84,1.81,178435,0

14.58,3.25,2.03,178447,0

15.74,3.58,2.16,178460,0

20.47,4.45,2.83,178471,0

21.41,3.63,2.74,178483,0

20.34,0.86,2.39,178494,0

25.71,-0.21,-3.71,178506,0

20.94,-7.63,1.14,178519,0

7.33,-2.65,0.85,178530,0

0.60,10.76,7.55,178541,0

-1.10,3.36,1.87,178552,0

0.99,11.43,11.06,178564,0

0.00,5.44,6.30,178575,0

0.35,3.69,3.30,178586,0

1.86,2.25,1.41,178601,0

4.35,-4.31,-6.69,178613,0

1.49,1.80,1.25,178623,0

-0.98,3.04,3.18,178634,0

1.49,-0.22,-0.47,178648,0

1.25,0.28,-0.28,178660,0

-0.20,-0.78,-0.58,178672,0

0.38,-1.09,-1.09,178683,0

-0.04,-0.82,-0.46,178694,0

0.03,0.26,0.31,178706,0

0.21,0.28,0.53,178718,0

0.37,0.92,1.08,178729,0

0.48,1.13,1.34,178742,0

0.08,-0.08,-0.02,178752,0

0.14,0.15,0.25,178763,0

0.17,0.10,0.20,178775,0

0.14,-0.10,-0.01,178786,1

0.15,-0.24,-0.16,178798,1

0.25,-0.26,-0.35,178810,1

0.14,0.14,0.19,178826,1

0.15,0.25,0.27,178836,2

0.17,0.22,0.24,178849,2

0.01,-0.16,-0.18,178862,2

0.00,-0.11,-0.10,178872,2

0.10,0.17,0.27,178883,2

0.17,0.17,0.24,178894,2

0.19,0.14,0.13,178907,2

0.13,0.07,0.15,178919,2

0.17,0.09,0.15,178931,2

0.19,0.06,0.20,178942,2

0.26,0.03,0.13,178953,2

0.25,0.21,0.30,178964,2

0.27,0.11,0.26,178975,2

0.26,0.06,0.23,178987,2

0.16,-0.32,-0.19,178998,2

0.25,-0.38,-0.30,179010,2

0.30,-0.06,0.04,179022,2

0.23,0.02,0.16,179037,2

0.18,0.00,0.13,179049,2

0.19,0.07,0.11,179061,2

0.13,0.09,0.22,179073,2

0.12,0.05,0.15,179084,2

0.18,-0.11,-0.04,179095,2

0.19,-0.11,-0.09,179106,2

0.23,-0.08,0.00,179119,2

0.24,0.04,0.13,179129,2

0.22,0.15,0.29,179140,2

0.14,0.23,0.28,179152,2

0.05,0.50,0.35,179164,2

0.05,0.56,0.42,179174,2

-0.03,0.62,0.35,179185,2

-0.02,0.67,0.42,179197,2

0.08,0.79,0.47,179210,2

-0.02,1.02,0.55,179222,2

-0.15,0.52,0.36,179233,2

-0.13,0.82,0.30,179245,2

-0.28,0.67,0.04,179260,2

-0.04,0.03,0.00,179272,2

-0.34,0.28,0.03,179283,2

-0.55,1.09,0.22,179295,2

-0.59,1.21,0.20,179306,2

-0.58,1.12,0.26,179318,2

-0.55,1.26,0.55,179330,2

-0.63,1.42,0.67,179341,2

-0.92,2.16,0.57,179352,2

-1.19,2.38,0.50,179363,2

-1.26,2.22,0.65,179375,2

-1.52,2.46,0.48,179386,2

-1.77,2.74,0.49,179397,2

-2.15,2.68,0.32,179410,2

-2.65,2.82,-0.76,179423,2

-3.45,3.04,-1.26,179433,2

-3.20,3.29,-1.31,179444,2

-2.67,4.15,-1.13,179457,2

-3.11,4.69,-0.80,179472,2

-2.41,6.61,-0.89,179483,2

-2.37,4.58,-1.26,179494,2

-2.69,1.72,-1.09,179506,2

-2.22,3.54,-0.60,179518,2

-3.74,3.55,-1.40,179529,2

-3.53,3.61,-1.14,179540,2

-3.30,3.34,-1.42,179552,2

-3.77,3.17,-0.97,179563,2

-5.02,2.68,-1.18,179574,2

-7.24,0.54,-2.41,179586,2

-11.57,-5.36,0.71,179598,2

-15.12,-3.51,1.02,179610,2

-15.75,-4.59,-0.01,179622,2

-12.29,-4.76,1.90,179634,2

-10.80,-0.79,0.14,179645,2

-10.16,1.21,0.37,179656,2

-8.36,-2.69,-0.18,179673,2

-6.94,-4.16,0.29,179683,2

-8.06,-3.35,0.40,179694,2

-8.31,-1.86,0.36,179705,2

-8.34,-1.02,0.43,179718,2

-7.95,-0.62,0.55,179729,2

-7.11,-0.92,0.65,179740,2

-6.55,-0.85,0.87,179752,2

-5.05,0.94,1.46,179764,2

-3.94,1.50,1.75,179775,2

-2.78,1.66,2.05,179785,2

-1.55,1.76,2.20,179798,2

0.59,2.55,2.41,179810,2

1.63,3.05,2.41,179822,2

4.28,5.49,2.01,179833,2

5.49,5.94,1.83,179845,2

6.54,5.93,1.45,179856,2

7.35,6.17,1.28,179868,2

8.62,6.46,0.61,179879,2

12.32,7.29,-2.89,179921,2

12.79,7.22,-2.75,179933,1

13.50,4.51,-1.38,179944,1

13.62,4.10,-1.37,179955,1

19.84,0.54,-2.78,179966,1

22.85,1.26,-2.51,179978,1

14.66,-1.73,-0.31,179989,1

8.65,7.38,4.47,180002,1

-1.90,3.91,4.17,180014,1

-4.81,-3.51,-3.09,180025,1

-5.42,-4.30,-3.19,180036,0

-2.56,-1.56,-1.52,180048,0

1.55,0.94,0.78,180061,0

1.74,1.32,1.61,180073,0

-0.68,-0.76,-0.55,180084,0

-0.20,-0.96,-0.84,180096,0

0.31,-0.23,-0.09,180107,0

0.70,0.29,0.40,180122,0

-0.06,-0.67,-0.40,180133,0

0.04,-0.37,-0.13,180145,0

0.38,0.35,0.41,180156,0

0.35,0.37,0.54,180168,0

0.33,0.20,0.57,180179,0

0.34,0.45,0.76,180190,0

0.30,0.22,0.44,180203,0

0.24,-0.05,0.05,180213,0

0.16,-0.03,0.13,180225,0

0.15,-0.03,0.08,180236,0

0.12,-0.02,0.16,180248,0

0.09,0.09,0.16,180260,0

0.11,0.14,0.22,180273,0

0.06,0.03,0.16,180284,0

0.16,0.04,0.15,180295,0

0.08,0.00,0.05,180306,0

0.01,-0.13,0.01,180318,0

0.15,-0.02,0.10,180328,0

0.09,-0.02,0.14,180343,0

0.09,-0.10,-0.07,180355,0

0.12,0.07,0.13,180366,0

0.13,0.06,0.18,180376,0

0.09,0.00,0.17,180387,0

0.15,-0.03,0.22,180399,0

0.31,0.13,0.29,180411,0

0.32,0.30,0.47,180423,0

0.28,-0.02,0.20,180434,0

0.30,-0.06,0.15,180446,0

0.28,-0.02,0.06,180457,0

0.20,-0.11,-0.02,180469,0

0.24,-0.13,0.05,180481,0

0.28,0.03,0.26,180492,0

0.30,0.07,0.29,180504,0

0.18,0.00,0.15,180514,0

0.21,0.11,0.25,180526,0

0.20,0.03,0.20,180537,0

0.14,-0.08,0.02,180553,0

0.16,-0.12,-0.01,180564,0

0.18,-0.05,0.18,180576,0

0.20,-0.05,0.19,180586,0

0.15,-0.06,0.16,180597,0

0.15,0.03,0.15,180610,0

0.15,-0.01,0.13,180623,0

0.16,-0.08,0.08,180634,0

0.12,0.02,0.15,180645,0

0.14,-0.08,0.03,180656,0

0.18,-0.18,-0.04,180667,0

0.11,-0.13,0.00,180678,0

0.04,0.10,0.22,180689,0

0.04,0.03,0.15,180701,0

0.08,-0.01,0.06,180713,0

0.17,0.28,0.46,180724,0

0.13,0.12,0.36,180736,0

0.17,-0.08,0.15,180747,0

0.17,0.00,0.08,180759,0

0.21,-0.11,0.05,180774,0

0.10,0.09,0.20,180786,0

0.07,0.08,0.16,180796,0

0.09,0.07,0.12,180807,0

0.15,0.02,0.13,180819,0

0.19,0.08,0.32,180831,0

0.15,0.18,0.40,180842,0

0.13,0.12,0.33,180854,0

0.10,-0.08,0.03,180865,0

0.09,-0.21,-0.10,180876,0

0.06,-0.32,-0.21,180887,0

0.04,0.00,0.02,180898,0

0.03,0.10,0.12,180912,0

0.12,0.05,0.21,180924,0

0.27,0.24,0.52,180935,0

0.13,0.02,0.21,180945,0

0.13,-0.07,-0.01,180957,0

0.19,-0.11,0.00,180969,0

0.12,-0.17,-0.07,180983,0

0.12,-0.10,0.07,180995,0

0.18,0.15,0.27,181006,0

0.17,0.22,0.45,181017,0

0.29,0.21,0.51,181028,0

0.25,0.14,0.32,181041,0

0.12,-0.02,0.17,181053,0

0.09,-0.12,-0.03,181064,0

0.14,-0.03,0.09,181075,0

0.14,-0.05,0.10,181087,0

0.13,-0.05,0.15,181098,0

0.15,0.06,0.17,181110,0

0.12,0.05,0.17,181123,0

0.13,0.01,0.20,181135,0

0.09,0.06,0.13,181145,0

0.08,0.04,0.09,181156,0

0.12,0.06,0.16,181168,0

0.13,0.02,0.18,181179,0

0.14,-0.04,0.18,181191,0

0.12,-0.04,0.03,181206,0

0.12,0.01,0.15,181217,0

0.15,0.05,0.21,181228,0

0.15,0.00,0.19,181239,0

0.08,-0.04,0.05,181251,0

0.06,-0.07,-0.06,181263,0

0.07,-0.09,-0.01,181275,0

0.17,0.06,0.28,181286,0

0.16,0.11,0.28,181297,0

0.15,0.05,0.11,181308,0

0.00,-0.12,0.00,181320,0

0.00,-0.16,-0.03,181331,0

0.05,-0.10,0.03,181343,1

0.10,0.01,0.19,181355,1

0.13,0.07,0.17,181365,1

0.08,-0.05,0.07,181377,1

0.10,-0.04,0.14,181388,1

0.14,0.00,0.15,181399,1

0.19,0.05,0.13,181411,1

0.15,0.05,0.19,181426,1

0.12,-0.01,0.15,181437,1

0.07,-0.14,0.00,181448,1

0.12,-0.05,0.01,181459,1

0.16,0.05,0.16,181473,1

0.17,0.03,0.21,181484,1

0.17,0.04,0.24,181495,1

0.07,0.00,0.09,181507,1

0.16,0.03,0.13,181517,1

0.18,0.10,0.26,181528,1

0.17,0.06,0.24,181539,2

0.11,-0.01,0.15,181551,2

0.09,-0.06,0.00,181563,2

0.07,-0.07,0.01,181575,2

0.11,-0.03,0.09,181586,2

0.12,0.03,0.24,181598,2

0.12,0.05,0.12,181608,2

0.12,0.04,0.13,181620,2

0.10,0.01,0.14,181635,2

0.09,-0.02,0.12,181646,2

0.13,-0.02,0.02,181657,2

0.15,-0.03,0.09,181668,2

0.20,0.03,0.21,181680,2

0.17,0.03,0.22,181691,2

0.14,0.00,0.21,181702,2

0.07,0.00,0.05,181714,2

0.13,0.01,0.15,181726,2

0.16,0.05,0.21,181737,2

0.13,0.05,0.23,181748,2

0.09,0.00,0.06,181760,2

0.07,0.00,0.06,181772,2

0.08,-0.03,0.06,181784,2

0.05,-0.02,0.13,181795,2

0.09,0.00,0.07,181807,2

0.10,0.00,0.08,181818,2

0.10,-0.02,0.15,181828,2

0.13,0.04,0.17,181840,2

0.08,0.00,0.06,181856,2

0.05,-0.10,0.01,181867,2

0.10,-0.07,0.06,181877,2

0.09,0.02,0.19,181889,2

0.13,0.02,0.23,181900,2

0.12,0.06,0.13,181912,2

0.09,0.00,0.09,181924,2

0.08,0.00,0.17,181936,2

0.10,-0.01,0.13,181947,2

0.06,-0.04,0.01,181958,2

0.09,-0.01,0.12,181969,2

0.10,0.02,0.18,181981,2

0.08,-0.05,0.10,181993,2

0.07,0.01,0.13,182005,2

0.06,-0.04,0.02,182017,2

0.07,0.04,0.18,182028,2

0.04,0.00,0.14,182039,3

0.06,-0.01,0.12,182050,3

0.08,0.03,0.11,182063,3

0.10,-0.01,0.14,182077,3

0.09,0.00,0.17,182088,3

0.07,-0.02,0.08,182099,3

0.07,-0.05,-0.02,182112,3

0.07,-0.06,0.00,182125,3

0.06,-0.01,0.12,182136,3

0.06,-0.03,0.13,182148,3

0.07,-0.01,0.02,182158,3

0.07,0.03,0.12,182169,3

0.07,0.00,0.12,182180,3

0.05,0.02,0.15,182194,3

0.09,-0.01,0.11,182205,3

0.10,-0.01,0.09,182216,3

0.05,0.01,0.14,182227,3

0.10,0.00,0.19,182239,3

0.10,0.00,0.15,182250,3

0.06,0.00,0.04,182262,3

0.06,0.00,0.12,182276,3

0.03,-0.02,0.10,182290,3

0.03,-0.06,0.02,182301,3

0.05,-0.02,0.02,182313,3

0.06,0.00,0.08,182326,3

0.09,-0.01,0.12,182337,3

0.06,0.01,0.11,182348,3

0.05,-0.01,0.04,182359,3

0.06,0.00,0.06,182371,3

0.07,-0.02,0.13,182382,3

0.05,0.01,0.15,182394,3

0.06,-0.03,0.14,182406,3

0.08,-0.01,0.09,182417,3

0.07,-0.02,0.11,182428,3

0.06,0.00,0.12,182439,3

0.06,0.00,0.09,182451,3

0.07,-0.01,0.02,182464,3

0.04,-0.02,0.02,182476,3

0.07,-0.03,0.12,182488,3

0.04,-0.06,0.07,182498,3

0.06,0.00,0.04,182514,3

0.07,0.00,0.15,182526,3

0.05,-0.01,0.12,182537,3

0.07,0.01,0.16,182548,3

0.07,0.00,0.05,182559,3

0.06,0.00,0.07,182571,3

0.05,-0.02,0.08,182582,3

0.05,-0.04,0.10,182594,3

0.05,-0.01,0.10,182606,3

0.06,-0.04,0.03,182618,3

0.06,0.02,0.14,182629,3

0.07,0.00,0.18,182639,3

0.06,0.00,0.16,182650,3

0.11,-0.01,0.04,182664,3

0.09,-0.03,0.10,182676,3

0.04,0.00,0.15,182686,3

0.03,-0.09,0.06,182697,3

0.05,0.02,0.06,182709,3

0.09,0.00,0.10,182725,3

0.08,0.00,0.11,182736,3

0.05,-0.04,0.10,182748,3

0.08,-0.04,0.02,182758,3

0.12,-0.01,0.11,182769,3

0.11,0.01,0.14,182780,3

0.11,0.04,0.23,182792,3

0.07,-0.02,0.09,182805,3

0.08,0.00,0.06,182816,3

0.06,-0.03,0.11,182828,3

0.07,0.01,0.17,182839,3

0.07,0.01,0.13,182849,3

0.10,0.00,0.04,182861,3

0.10,0.03,0.12,182874,3

0.09,-0.04,0.09,182886,3

0.07,-0.06,0.10,182897,3

0.05,-0.01,0.02,182908,3

0.10,-0.02,0.08,182920,3

0.10,0.00,0.14,182931,3

