0.00,-0.01,0.02,194956,0

-0.02,-0.03,0.02,195047,0

-0.02,-0.03,0.04,195058,0

-0.05,-0.05,0.10,195069,0

-0.01,-0.01,0.01,195081,0

0.00,-0.06,-0.01,195093,0

-0.02,-0.01,-0.01,195106,0

-0.01,-0.02,0.09,195117,0

-0.04,-0.02,0.07,195128,0

-0.02,-0.02,-0.01,195139,0

-0.03,-0.02,0.02,195150,0

-0.04,-0.05,0.07,195162,0

-0.01,-0.04,0.07,195175,0

-0.02,-0.03,0.02,195186,0

-0.03,-0.02,0.02,195197,0

-0.04,-0.05,0.06,195209,0

-0.03,0.00,0.08,195220,0

-0.02,-0.02,0.06,195231,0

-0.04,0.00,0.02,195254,0

-0.04,-0.04,0.08,195266,0

-0.03,-0.02,0.07,195277,0

-0.01,-0.01,0.00,195289,0

-0.02,-0.02,0.04,195300,0

-0.03,0.00,0.06,195310,0

-0.05,-0.04,0.07,195323,0

-0.07,-0.03,0.06,195336,0

-0.01,-0.02,0.00,195347,0

-0.04,-0.03,0.05,195358,0

-0.03,-0.03,0.07,195369,0

-0.03,-0.01,0.06,195381,0

-0.04,-0.03,0.00,195393,0

-0.05,-0.01,0.04,195406,0

-0.02,-0.03,0.07,195418,0

-0.02,-0.04,0.08,195428,0

-0.01,-0.02,-0.02,195439,0

-0.03,-0.03,0.01,195451,0

-0.03,-0.04,0.08,195473,0

-0.06,-0.04,0.07,195485,0

-0.05,-0.05,0.01,195496,0

-0.01,-0.01,0.06,195508,0

0.00,-0.01,0.07,195519,0

-0.04,-0.01,0.03,195530,0

-0.02,-0.04,-0.02,195543,0

-0.04,-0.02,0.01,195556,0

-0.03,-0.05,0.08,195567,0

-0.02,-0.05,0.09,195578,0

-0.01,0.00,-0.01,195590,0

-0.02,-0.04,0.06,195601,0

-0.03,-0.05,0.06,195612,0

0.00,-0.02,0.07,195624,0

-0.01,-0.03,0.08,195637,0

-0.04,0.00,0.02,195648,0

-0.02,-0.07,0.07,195658,0

0.01,-0.03,0.05,195670,0

0.00,0.00,0.04,195686,0

-0.01,0.00,0.00,195697,0

-0.05,-0.01,0.06,195708,0

-0.06,-0.02,0.09,195720,0

-0.02,-0.04,0.12,195730,0

-0.07,-0.07,0.03,195743,0

-0.03,-0.01,0.04,195756,0

-0.04,-0.04,0.10,195767,0

-0.03,-0.01,0.03,195778,0

-0.03,-0.01,-0.01,195789,0

-0.02,-0.04,0.05,195801,0

0.00,-0.05,0.10,195812,0

0.00,-0.03,0.11,195822,0

-0.03,-0.04,0.10,195835,0

-0.02,-0.04,0.02,195847,0

0.00,0.00,0.03,195858,0

-0.03,-0.02,0.06,195869,0

0.01,0.03,-0.02,195885,0

0.00,0.02,-0.02,195897,0

0.01,-0.02,0.06,195908,0

-0.01,-0.07,0.15,195919,0

0.00,-0.07,0.13,195930,0

0.00,-0.06,0.03,195942,0

0.04,0.03,0.00,195954,0

0.03,0.04,-0.04,195965,0

-0.01,0.00,0.09,195977,0

0.00,-0.01,0.00,195988,0

0.01,-0.02,0.00,195999,0

0.01,0.00,0.02,196011,0

-0.07,-0.02,0.09,196022,0

-0.07,-0.11,0.11,196034,0

-0.12,-0.12,0.09,196046,0

0.02,0.00,0.04,196058,0

-0.02,-0.04,0.07,196069,0

0.00,0.02,0.01,196080,0

-0.01,0.02,-0.07,196091,0

-0.02,-0.05,0.06,196107,0

0.00,-0.05,0.11,196118,0

0.02,-0.01,0.01,196129,0

0.02,0.02,-0.05,196141,0

-0.02,-0.03,0.06,196153,0

-0.06,-0.07,0.12,196164,0

-0.06,-0.03,0.09,196176,0

-0.11,0.00,0.00,196188,0

-0.03,-0.07,0.09,196199,0

-0.01,-0.07,0.13,196210,0

-0.03,-0.05,0.12,196220,0

-0.02,-0.04,0.11,196233,0

0.02,0.04,-0.07,196246,0

0.00,0.00,0.01,196257,0

0.03,0.01,0.05,196269,0

0.00,-0.05,0.08,196280,0

-0.01,-0.06,0.00,196291,0

-0.03,-0.06,0.06,196303,0

0.05,-0.08,0.07,196318,0

0.06,-0.06,0.14,196329,0

-0.16,-0.04,0.02,196341,0

-0.09,-0.06,0.07,196354,0

-0.07,0.02,0.05,196366,0

-0.02,-0.01,0.02,196377,0

0.00,-0.03,-0.03,196388,0

-0.05,-0.11,0.07,196400,0

0.03,0.02,0.04,196411,0

0.06,0.00,0.03,196422,0

0.06,-0.04,0.09,196434,0

0.02,-0.06,0.03,196447,0

0.11,-0.06,0.10,196458,0

0.15,0.00,0.00,196469,0

-0.05,-0.04,0.04,196480,0

0.00,0.00,-0.04,196492,0

-0.01,-0.04,0.01,196504,0

-0.27,-0.06,0.15,196515,0

-0.09,-0.03,0.10,196530,0

0.05,0.14,-0.15,196541,0

0.10,-0.01,0.00,196553,0

0.00,-0.06,0.10,196564,0

-0.06,-0.08,0.19,196576,0

-0.01,-0.03,0.09,196587,0

0.05,0.02,0.00,196598,0

-0.07,0.00,0.02,196610,0

-0.07,0.02,0.09,196621,0

-0.09,-0.01,0.06,196632,0

-0.08,0.00,0.00,196644,0

-0.01,0.05,-0.03,196657,0

-0.03,0.00,0.08,196668,0

-0.08,-0.12,0.22,196679,0

-0.13,-0.04,0.05,196690,0

-0.02,0.02,0.00,196702,0

0.00,0.00,0.05,196713,0

-0.11,-0.14,0.27,196724,0

0.01,0.11,-0.17,196739,0

0.01,0.01,0.00,196750,0

-0.01,-0.12,0.21,196761,0

-0.09,-0.16,0.30,196771,0

-0.10,-0.10,0.22,196785,0

-0.06,-0.09,0.05,196797,0

-0.11,0.05,0.05,196808,0

-0.01,-0.05,0.20,196819,0

0.04,-0.05,0.16,196830,0

-0.08,0.11,-0.07,196842,0

-0.04,0.20,-0.14,196854,0

0.00,0.27,-0.20,196866,0

0.03,0.28,-0.16,196877,0

0.03,0.02,-0.03,196888,0

0.04,0.05,-0.04,196899,0

0.01,0.04,0.05,196911,0

-0.04,-0.12,0.24,196922,0

-0.14,-0.32,0.46,196934,0

0.01,-0.28,0.30,196948,0

-0.02,-0.21,0.30,196960,0

-0.08,-0.23,0.35,196971,0

-0.13,0.01,0.12,196983,0

-0.07,0.06,-0.03,196996,0

0.00,0.24,-0.17,197008,0

0.02,0.20,-0.10,197019,0

0.07,0.16,-0.06,197030,0

0.02,0.10,-0.04,197042,0

-0.05,0.08,0.05,197054,0

-0.11,0.10,0.11,197065,0

0.06,0.20,-0.01,197076,0

-0.06,0.38,-0.05,197088,0

-0.14,0.60,-0.12,197099,0

0.00,0.79,-0.17,197110,0

-0.26,1.10,-0.01,197122,0

-0.31,0.94,0.16,197134,0

-0.35,0.94,0.08,197146,0

0.00,0.98,-0.38,197160,0

-0.10,1.52,-0.28,197172,0

-0.32,1.68,-0.05,197185,0

-0.12,1.63,-0.67,197197,0

-0.34,1.82,-0.48,197209,0

-0.74,1.79,0.17,197219,0

-1.03,1.92,0.35,197230,0

-0.89,1.81,0.08,197242,0

-1.00,1.80,0.03,197256,0

-0.96,2.21,-0.15,197267,0

-1.42,2.46,0.26,197278,0

-1.61,3.18,0.47,197289,0

-2.23,3.65,0.89,197300,0

-2.86,4.38,1.32,197311,0

-2.63,3.96,1.14,197322,0

-3.38,4.97,0.79,197336,0

-3.68,6.48,1.58,197348,0

-3.25,8.68,3.47,197358,0

-1.07,9.51,3.72,197373,0

-0.83,9.73,4.65,197386,0

0.65,13.02,4.36,197398,0

-4.53,13.44,3.57,197408,0

-3.98,10.99,2.51,197420,1

-5.75,11.30,1.04,197431,1

-8.15,7.24,0.54,197444,1

-11.20,2.46,0.20,197456,1

-18.47,-1.12,-2.20,197468,1

-15.88,1.86,-0.28,197479,1

-15.87,7.30,1.63,197490,1

-17.83,5.62,1.03,197501,1

-17.45,4.43,0.83,197513,1

-16.99,2.96,0.59,197524,1

-16.73,1.35,-0.06,197537,1

-15.65,1.39,-1.07,197549,1

-15.13,1.65,-1.15,197560,1

-14.04,1.49,-1.16,197570,1

-13.32,1.36,-1.17,197586,1

-12.53,1.58,-1.41,197598,1

-10.68,2.91,-1.48,197609,1

-10.05,3.20,-1.49,197620,1

-9.37,3.31,-1.56,197632,1

-8.50,3.71,-1.82,197645,1

-7.51,5.59,-1.90,197657,1

-6.80,6.58,-1.81,197668,1

-4.23,7.78,-1.32,197680,1

-2.74,8.68,-1.08,197691,1

-0.60,9.40,-0.91,197702,1

1.45,9.43,-0.82,197713,1

5.66,10.78,0.25,197725,1

7.72,11.94,1.03,197737,1

14.79,9.54,2.78,197748,1

16.75,8.30,2.76,197760,1

18.13,6.79,2.64,197771,1

18.58,5.05,2.13,197787,1

18.01,2.53,1.89,197798,1

18.22,2.78,3.25,197810,1

19.62,3.55,6.48,197821,1

20.48,3.89,7.45,197832,1

22.11,3.25,7.34,197844,1

24.49,2.24,6.24,197858,1

27.00,-1.41,3.93,197868,0

25.78,-3.75,4.72,197879,0

20.19,-22.94,0.53,197891,0

13.60,6.02,1.03,197903,0

6.65,19.32,-15.32,197914,0

-5.46,8.12,-4.24,197925,0

9.33,9.27,-4.93,197938,0

7.95,7.16,-3.95,197949,0

5.87,-3.26,4.97,197960,0

4.46,1.89,-0.40,197971,0

-1.88,2.24,-2.81,197984,0

1.70,-2.12,2.72,197998,0

-1.21,-3.03,3.57,198009,0

-1.22,-0.13,0.70,198021,0

0.86,1.60,-1.33,198032,0

0.53,1.60,-1.54,198045,0

0.01,0.00,0.06,198057,0

0.18,0.82,-0.67,198069,0

-0.28,0.66,-0.53,198080,0

0.00,1.13,-1.03,198090,0

0.14,1.46,-1.19,198103,0

-0.16,1.02,-0.83,198114,0

-0.40,0.75,-0.08,198125,0

-0.13,0.57,0.25,198137,0

0.27,-0.07,0.32,198149,0

0.11,-0.30,0.20,198160,0

0.04,-0.27,0.41,198171,0

-0.05,-0.49,0.28,198182,0

-0.29,-0.86,0.74,198196,0

-0.46,-1.09,1.12,198210,0

-0.24,-0.58,0.61,198221,0

-0.02,-0.32,0.28,198233,0

-0.09,-0.44,0.32,198245,0

-0.05,-0.50,0.34,198257,0

0.09,-0.42,0.18,198268,0

0.08,-0.43,0.21,198280,0

-0.23,-0.22,0.44,198291,0

-0.18,-0.56,0.39,198303,0

-0.31,-0.48,0.68,198315,0

-0.21,-0.29,0.54,198326,0

-0.42,-0.31,0.75,198338,0

-0.46,0.19,0.77,198348,0

-0.48,0.03,0.68,198360,0

-0.51,-0.10,0.78,198371,0

-0.88,-1.02,1.77,198383,0

-0.56,-1.24,1.70,198395,0

-0.46,-0.44,1.29,198408,0

-0.34,0.20,0.85,198431,0

-0.42,1.50,0.35,198445,0

-0.06,4.11,-1.68,198457,0

0.21,4.54,-2.90,198468,0

0.73,5.28,-4.26,198479,0

-0.28,5.11,-2.91,198491,0

-1.26,4.88,-2.00,198502,0

-1.67,4.25,-1.12,198513,0

-2.32,4.38,-0.03,198524,0

-2.68,5.05,0.78,198537,0

-3.27,6.40,0.66,198549,0

-4.90,8.11,1.64,198559,0

-5.10,9.70,1.47,198571,0

-5.44,10.43,1.19,198583,0

-5.37,11.58,1.78,198595,0

-2.24,17.13,3.02,198608,0

3.60,13.72,3.69,198620,0

0.22,11.88,3.07,198630,0

-0.93,14.55,1.73,198646,0

-3.95,16.69,1.51,198659,0

-20.16,-1.46,-1.90,198670,0

-25.70,-2.98,-1.51,198681,0

-5.33,4.95,2.65,198692,0

-16.79,1.54,-0.91,198705,0

-15.35,7.17,-0.60,198716,0

-15.62,10.17,-0.43,198728,0

-14.21,2.48,-1.16,198739,0

-13.35,0.83,-1.22,198751,0

-12.78,-0.39,-1.55,198761,0

-12.14,-0.37,-1.58,198772,0

-12.11,-0.02,-1.44,198786,0

-12.17,0.43,-1.25,198798,0

-12.08,1.21,0.09,198809,0

-11.72,1.28,0.49,198820,0

-11.23,1.42,0.94,198832,0

-10.41,2.01,1.71,198848,0

-9.46,2.92,2.62,198859,0

-8.80,3.75,3.03,198871,0

-7.39,5.61,3.45,198882,0

-6.24,5.99,3.48,198894,0

-4.92,6.53,3.49,198906,0

-2.40,8.51,3.20,198918,0

-0.42,9.19,2.87,198929,0

0.06,9.46,3.09,198940,0

0.69,9.60,4.31,198951,0

1.30,10.13,4.93,198963,0

2.19,11.36,5.97,198974,0

6.07,14.25,4.71,198986,0

8.67,16.23,3.27,198999,0

14.53,11.10,1.71,199010,0

20.14,3.86,-1.78,199021,0

21.80,3.50,-2.52,199032,0

22.75,4.57,-2.25,199045,0

24.39,6.18,2.16,199057,0

32.02,6.54,3.16,199072,0

37.29,5.57,0.13,199085,0

38.93,-2.20,-5.07,199097,0

35.61,-6.56,-5.87,199109,0

2.91,-24.29,-8.39,199120,0

3.79,9.67,3.40,199132,0

-3.58,18.96,-18.82,199144,0

-7.48,4.14,-9.68,199156,0

12.57,18.78,-14.60,199168,0

12.25,13.87,-5.18,199179,0

7.59,1.39,2.11,199190,0

3.51,-2.28,3.95,199201,0

-0.28,0.00,0.28,199213,0

-2.34,0.83,-1.42,199224,0

1.71,-1.62,2.14,199236,0

0.58,-2.51,3.15,199248,0

0.85,1.55,-1.73,199260,0

-0.58,0.06,0.48,199274,0

-0.63,-0.28,0.62,199286,0

0.55,0.62,-0.58,199299,0

0.38,0.22,0.10,199310,0

0.03,0.59,-0.33,199321,0

0.24,0.70,-0.56,199331,0

-0.01,0.09,-0.06,199345,0

-0.32,-0.56,0.66,199357,0

-0.35,-0.66,1.00,199368,0

-0.15,-0.07,0.17,199379,0

-0.21,-0.14,0.24,199391,0

-0.02,-0.07,0.05,199402,0

-0.02,-0.15,0.17,199413,0

-0.15,-0.22,0.24,199424,0

-0.08,-0.10,0.16,199437,0

0.09,0.47,-0.70,199448,0

0.25,0.64,-0.77,199459,0

0.16,0.40,-0.55,199471,0

0.07,0.09,-0.07,199487,0

0.12,-0.06,0.14,199498,0

0.16,-0.20,0.21,199510,0

0.09,0.00,0.18,199521,0

0.33,0.22,-0.14,199532,0

0.27,0.66,-0.39,199544,0

-0.28,0.46,0.18,199558,0

-0.63,0.26,0.66,199569,0

0.00,0.17,0.04,199580,0

0.00,0.50,0.04,199590,0

-0.34,0.77,0.20,199602,0

-0.27,0.62,0.17,199613,0

-0.19,0.95,0.03,199624,0

-0.46,1.12,0.46,199636,0

-0.69,1.62,0.47,199649,0

-0.02,2.33,-0.90,199660,0

0.09,2.60,-1.12,199671,0

-0.07,2.53,-1.21,199683,0

-0.81,2.87,-0.64,199695,0

-1.75,2.84,0.67,199709,0

-1.94,4.15,0.90,199720,0

-2.33,4.57,0.60,199732,0

-2.35,5.36,0.15,199745,0

-2.58,6.19,0.09,199757,0

-4.24,7.17,0.70,199769,0

-5.47,9.74,-0.21,199780,0

-5.91,12.24,0.93,199791,0

-5.81,12.96,2.77,199802,0

-4.70,15.73,4.65,199814,0

-2.57,16.29,5.35,199825,0

-1.35,15.91,3.87,199837,0

-0.09,16.00,3.61,199848,0

-8.50,12.93,0.93,199860,0

-10.50,9.55,0.62,199871,0

-17.43,5.38,0.17,199883,0

-21.18,3.03,-1.80,199896,0

-17.29,0.92,-2.55,199910,0

-17.19,1.09,-0.81,199921,0

-15.23,9.65,-0.29,199932,0

-14.88,5.24,0.02,199945,0

-13.95,2.04,0.00,199958,0

-13.45,-0.75,-0.01,199969,0

-13.66,-0.02,-0.43,199981,0

-13.72,0.90,-0.47,199992,0

-13.49,0.81,-0.24,200003,0

-13.23,0.06,-0.20,200014,0

-12.88,0.26,-0.17,200026,0

-12.51,0.30,-0.10,200038,0

-11.93,2.54,0.25,200049,0

-10.48,3.41,0.98,200060,0

-8.69,4.12,1.22,200072,0

-7.62,4.67,1.24,200084,0

-6.53,5.63,1.19,200096,0

-5.27,6.72,1.19,200109,0

-1.02,9.31,1.12,200123,0

0.32,9.45,1.12,200136,0

2.27,9.56,1.27,200148,0

4.30,12.29,2.35,200160,0

5.65,13.28,3.33,200171,0

9.93,15.22,2.09,200182,0

12.02,13.63,3.41,200195,0

15.14,11.90,2.86,200207,0

18.18,9.43,1.54,200218,0

22.46,3.71,0.51,200229,0

22.52,4.10,1.72,200241,0

25.16,6.48,5.17,200252,0

28.69,6.52,4.36,200263,0

33.16,5.68,1.49,200274,0

36.04,2.46,-1.49,200287,0

35.92,-14.36,-6.85,200299,0

31.73,-3.09,3.83,200310,0

1.00,17.72,-14.90,200322,0

-4.19,6.62,0.50,200337,0

5.44,9.21,-3.99,200349,0

8.33,5.49,-1.26,200360,0

6.74,0.00,2.57,200372,0

6.05,-1.47,4.38,200383,0

-1.44,1.23,-1.64,200395,0

-1.90,-0.37,-0.07,200409,0

0.73,-1.01,0.99,200420,0

-0.96,-0.39,0.61,200431,0

0.19,1.46,-1.37,200442,0

0.70,1.09,-0.90,200454,0

-0.22,-0.04,0.34,200465,0

-0.02,-0.10,0.28,200476,0

0.27,0.74,-0.69,200488,0

-0.18,-0.19,0.42,200500,0

0.05,0.35,-0.23,200511,0

0.16,0.98,-0.73,200522,0

-0.10,0.96,-0.70,200534,0

-0.20,-0.10,0.08,200549,0

0.05,-0.57,0.59,200560,0

0.03,-0.51,0.72,200571,0

-0.22,-0.71,0.93,200583,0

-0.06,-0.86,0.82,200594,0

0.35,-0.42,0.21,200607,0

0.24,-0.42,0.25,200619,0

0.15,-0.05,-0.02,200630,0

-0.02,0.07,-0.06,200641,0

-0.03,-0.01,0.08,200652,0

-0.01,0.00,0.08,200663,0

0.04,0.22,-0.12,200674,0

0.03,0.20,-0.19,200687,0

0.10,0.28,-0.35,200699,0

-0.14,0.30,-0.04,200710,0

-0.21,0.20,0.21,200721,0

-0.13,0.18,0.06,200732,0

0.13,0.33,-0.34,200743,0

0.00,0.27,-0.14,200760,0

-0.07,0.77,-0.09,200770,0

-0.10,0.97,-0.06,200781,0

-0.17,0.93,0.16,200793,0

-0.27,1.28,0.13,200806,0

-0.29,1.47,0.32,200817,0

-0.48,1.23,0.13,200828,0

-0.35,1.75,0.06,200840,0

-0.34,2.10,-0.31,200851,0

-0.17,2.15,-0.97,200862,0

0.26,2.83,-1.52,200873,0

-0.36,2.91,-1.47,200886,0

-0.79,3.07,-0.99,200899,0

-1.86,3.64,0.25,200910,0

-2.17,4.59,0.64,200922,0

-2.59,5.22,0.70,200933,0

-3.21,5.81,0.68,200945,0

-3.94,6.72,0.66,200957,0

-5.69,8.60,0.80,200972,0

-6.48,10.20,1.52,200984,0

-6.80,13.80,4.42,200996,0

-6.13,14.40,5.60,201010,0

0.56,15.03,4.09,201020,0

2.27,14.19,2.97,201031,0

-3.12,15.47,1.61,201042,0

-4.74,11.71,1.91,201056,0

-10.40,12.14,0.41,201067,0

-15.59,7.34,1.17,201078,0

-21.74,0.20,-1.85,201090,0

-16.50,3.52,-1.41,201101,0

-16.60,0.81,-0.24,201112,0

-15.66,8.10,0.17,201123,0

-15.29,5.53,0.21,201136,0

-14.46,2.70,-0.18,201149,0

-12.93,-1.77,-0.68,201160,0

-12.73,-1.07,-1.10,201175,0

-12.89,-0.17,-1.13,201188,0

-13.05,0.36,-1.14,201199,0

-12.90,0.71,-0.54,201210,0

-12.51,0.41,-0.44,201222,0

-12.07,0.71,-0.33,201233,0

-11.60,1.48,0.00,201245,0

-11.21,2.25,0.21,201257,0

-10.72,2.90,0.42,201269,0

-9.40,4.90,1.02,201280,0

-8.59,5.80,1.10,201291,0

-7.61,6.69,1.24,201303,0

-5.22,9.83,1.58,201314,0

-2.92,11.09,1.58,201325,0

-0.56,12.61,1.50,201337,0

5.75,12.34,1.51,201350,0

11.14,10.59,1.60,201361,0

12.97,12.40,2.31,201372,0

15.14,14.79,3.80,201388,0

16.01,13.92,4.29,201400,0

19.78,5.54,3.22,201411,0

21.18,2.73,1.55,201422,0

22.47,1.75,0.00,201434,0

23.36,1.22,-0.79,201446,0

26.71,1.77,0.21,201458,0

29.85,1.34,0.83,201469,0

29.77,-2.72,2.78,201481,0

26.24,-5.11,1.55,201492,0

31.52,-1.49,6.69,201504,0

21.86,-19.77,-4.19,201516,0

10.25,19.77,-13.86,201527,0

2.55,13.46,-10.95,201539,0

8.13,10.50,-6.79,201550,0

8.17,10.65,-7.23,201562,0

7.35,5.75,-2.81,201573,0

8.31,0.50,2.49,201585,0

3.02,-0.24,1.54,201600,0

-2.13,-0.15,-0.48,201611,0

2.26,-1.74,2.63,201622,0

-0.15,-2.69,3.27,201633,0

-1.22,-0.56,0.70,201646,0

0.00,0.74,-0.74,201659,0

-0.14,0.57,-0.11,201670,0

0.33,0.14,0.00,201680,0

0.13,0.13,-0.07,201692,0

0.27,0.98,-0.85,201704,0

0.43,1.04,-0.84,201714,0

0.05,0.49,-0.26,201725,0

0.00,0.29,-0.19,201739,0

-0.14,0.30,-0.17,201750,0

-0.23,0.06,0.16,201761,0

-0.25,-0.25,0.57,201773,0

-0.17,-0.17,0.52,201784,0

-0.08,-0.43,0.52,201796,0

0.19,0.10,-0.08,201832,0

0.08,0.04,-0.12,201843,0

0.03,-0.03,0.02,201857,0

-0.11,-0.25,0.29,201867,0

0.06,-0.22,0.24,201879,0

0.03,-0.11,0.05,201890,0

-0.05,-0.06,0.04,201902,0

-0.01,0.17,-0.11,201913,0

0.00,0.31,-0.20,201923,0

0.00,0.37,-0.23,201935,0

0.18,0.62,-0.70,201949,0

0.14,0.80,-0.75,201960,0

0.13,0.79,-0.40,201971,0

-0.07,1.43,-0.21,201982,0

-0.32,1.04,0.06,201995,0

-0.47,0.86,0.48,202007,0

-0.43,0.70,0.75,202018,0

-0.65,1.22,0.53,202030,0

-0.46,1.34,0.15,202046,0

-0.17,1.67,-0.45,202058,0

-0.26,2.21,-0.75,202071,0

-0.42,2.87,-1.39,202081,0

-0.80,2.66,-0.91,202092,0

-1.05,2.35,-0.40,202104,0

-1.45,2.76,0.11,202115,0

-1.93,3.50,0.78,202126,0

-2.29,4.13,0.82,202139,0

-2.59,4.87,0.73,202150,0

-4.30,7.22,0.93,202162,0

-4.90,7.23,0.91,202173,0

-5.29,8.84,0.70,202184,0

-6.89,11.53,1.86,202198,0

-6.83,12.73,3.70,202210,0

-1.09,15.61,5.81,202221,0

0.35,17.71,3.65,202232,0

-0.56,14.15,2.80,202244,0

-1.34,16.79,2.21,202260,0

-7.68,12.88,1.25,202271,0

-10.71,10.32,0.46,202281,0

-25.61,0.74,-4.58,202293,0

-8.40,2.91,1.57,202305,0

-11.48,5.98,1.17,202316,0

-18.44,-1.07,-1.67,202328,0

-15.61,11.94,0.12,202340,0

-14.87,4.67,0.45,202351,0

-13.44,-1.50,-0.21,202362,0

-13.19,-2.47,-0.69,202374,0

-13.15,-1.73,-0.79,202386,0

-13.26,-0.33,-0.78,202398,0

-13.49,1.11,-0.45,202411,0

-12.98,0.85,-0.25,202422,0

-12.37,1.16,-0.13,202433,0

-12.03,1.28,0.01,202444,0

-11.69,1.42,0.22,202461,0

-10.43,3.24,0.77,202471,0

-9.50,3.85,0.76,202482,0

-8.48,4.40,0.66,202494,0

-6.49,6.02,0.53,202507,0

-5.28,6.98,0.51,202518,0

-3.95,8.51,0.56,202529,0

0.93,11.48,0.83,202541,0

2.91,11.83,1.00,202552,0

4.94,12.14,1.27,202563,0

7.75,12.78,2.20,202574,0

9.86,14.58,2.27,202587,0

12.25,16.07,1.56,202600,0

17.84,12.11,3.16,202611,0

20.20,10.39,2.03,202622,0

22.24,8.12,0.88,202634,0

25.04,3.34,1.07,202646,0

26.79,3.49,2.47,202658,0

33.90,6.34,1.58,202673,0

37.50,1.51,-0.42,202685,0

35.10,-4.78,-0.21,202698,0

31.21,-9.28,-1.42,202711,0

20.02,10.16,11.76,202722,0

1.03,-14.07,-4.20,202733,0

1.72,-3.08,1.75,202744,0

-1.63,14.06,-13.44,202757,0

5.27,12.79,-4.79,202768,0

9.54,11.78,-9.14,202780,0

7.49,5.29,-2.44,202791,0

6.51,1.08,2.12,202802,0

5.05,-3.05,5.34,202813,0

-0.70,1.62,-1.71,202824,0

-1.09,1.24,-2.11,202838,0

0.69,-0.39,0.14,202850,0

-0.51,0.30,-0.22,202861,0

0.08,1.03,-0.93,202872,0

0.69,0.33,-0.05,202889,0

-0.27,0.23,-0.18,202900,0

0.37,-0.15,0.31,202911,0

0.04,0.20,-0.03,202923,0

0.42,0.92,-0.74,202934,0

0.56,0.45,-0.54,202946,0

0.07,0.39,-0.14,202958,0

0.09,0.31,-0.26,202970,0

-0.09,-0.28,0.42,202981,0

-0.18,-0.41,0.43,202992,0

-0.07,-0.45,0.55,203003,0

-0.04,-0.39,0.47,203015,0

0.00,-0.20,0.30,203025,0

0.17,-0.02,-0.04,203038,0

0.12,0.01,-0.12,203051,0

0.15,0.23,-0.23,203062,0

0.02,0.17,-0.07,203072,0

-0.04,0.01,0.07,203083,0

-0.07,-0.06,0.11,203100,0

-0.03,0.12,0.03,203111,0

-0.13,-0.02,0.16,203122,0

-0.14,-0.04,0.22,203133,0

0.00,0.05,-0.03,203145,0

0.12,0.20,-0.18,203157,0

0.27,0.36,-0.36,203168,0

0.15,0.68,-0.43,203181,0

-0.02,0.41,-0.12,203191,0

-0.10,0.52,0.09,203202,0

-0.14,1.03,0.14,203213,0

-0.21,1.17,0.33,203225,0

-0.39,1.36,0.42,203237,0

-0.64,1.93,0.51,203250,0

-0.30,1.71,-0.30,203261,0

-0.05,2.56,-0.61,203273,0

0.04,2.19,-1.48,203284,0

0.17,2.54,-1.41,203295,0

-0.53,3.42,-1.23,203311,0

-2.19,3.77,0.61,203322,0

-2.33,4.50,0.47,203333,0

-2.32,5.43,-0.02,203345,0

-2.57,6.09,-0.36,203358,0

-3.57,6.99,-0.01,203369,0

-4.64,7.66,0.30,203381,0

-7.16,10.62,1.95,203393,0

-7.79,12.24,3.62,203403,0

-7.94,13.73,4.57,203414,0

-2.69,16.25,6.39,203425,0

-0.61,15.91,6.38,203439,0

-2.65,17.13,5.63,203451,0

-6.39,14.11,2.66,203461,0

-9.29,14.48,1.42,203472,0

-13.13,9.58,1.96,203485,0

-27.02,3.58,-0.84,203497,0

-8.79,5.62,2.87,203509,0

-18.09,0.16,-0.74,203524,0

-16.16,10.62,0.55,203536,0

-16.14,7.43,0.74,203549,0

-15.38,4.27,0.65,203560,0

-13.70,-2.05,-0.45,203572,0

-13.71,-1.73,-0.63,203583,0

-13.87,-0.76,-0.76,203595,0

-14.24,0.81,-0.54,203608,0

-14.09,0.94,-0.45,203619,0

-13.72,0.79,-0.34,203630,0

-12.08,0.77,-0.23,203641,0

-11.50,1.07,-0.02,203653,0

-10.76,2.07,0.18,203664,0

-9.49,4.43,0.57,203675,0

-8.46,5.04,0.70,203687,0

-7.22,5.53,0.63,203700,0

-2.98,8.96,0.40,203712,0

-1.26,9.34,0.15,203726,0

0.16,9.62,0.16,203739,0

2.10,10.38,0.51,203751,0

4.51,11.71,1.57,203762,0

8.97,15.31,1.57,203773,0

11.48,16.23,2.49,203785,0

14.65,14.88,3.19,203797,0

18.05,13.70,2.60,203810,0

23.40,4.76,1.77,203822,0

25.76,3.13,0.93,203833,0

27.35,6.40,2.77,203844,0

29.77,6.54,3.01,203855,0

33.36,4.56,1.40,203867,0

36.58,0.19,-1.18,203878,0

35.69,-5.76,-2.35,203890,0

28.64,-5.40,-1.19,203901,0

21.13,0.58,1.08,203913,0

12.69,16.01,11.54,203924,0

-10.55,-15.61,-10.06,203940,0

2.24,14.18,-6.89,203952,0

8.70,11.70,-8.93,203963,0

11.82,13.42,-6.29,203974,0

9.00,4.88,-0.81,203985,0

8.23,-0.85,4.91,203999,0

7.54,-4.49,7.14,204011,0

-1.22,0.40,-1.33,204022,0

1.64,-1.97,2.44,204033,0

1.03,-3.71,4.45,204044,0

-0.53,1.20,-1.06,204056,0

1.02,0.73,-0.59,204067,0

0.72,0.22,0.04,204079,0

-0.33,0.00,0.17,204091,0

0.17,0.53,-0.44,204102,0

0.37,0.97,-0.82,204113,0

0.10,0.40,-0.13,204124,0

0.33,0.67,-0.64,204136,0

0.21,0.90,-0.72,204151,0

-0.19,-0.10,0.19,204163,0

-0.12,-0.50,0.60,204174,0

-0.17,-0.43,0.62,204185,0

0.11,-0.48,0.48,204197,0

0.02,-0.42,0.49,204211,0

-0.04,-0.41,0.48,204222,0

0.21,0.06,-0.17,204232,0

0.15,-0.07,-0.13,204243,0

0.09,-0.05,-0.02,204256,0

0.14,0.10,-0.12,204267,0

0.07,0.01,0.01,204278,0

0.04,0.03,0.01,204291,0

0.00,0.14,-0.11,204302,0

0.00,0.21,-0.16,204313,0

0.01,0.18,0.00,204323,0

0.01,0.31,-0.21,204335,0

0.14,0.45,-0.41,204348,0

0.05,0.81,-0.52,204362,0

0.12,0.85,-0.40,204374,0

0.33,0.82,-0.28,204384,0

-0.05,1.68,-0.22,204397,0

-0.46,1.45,0.48,204409,0

-0.57,1.12,0.59,204421,0

-0.87,1.93,0.51,204432,0

-0.55,2.44,-0.18,204443,0

-0.26,2.57,-0.78,204454,0

-0.05,2.65,-1.48,204465,0

0.40,3.18,-1.95,204476,0

-0.86,3.22,-1.30,204489,0

-1.32,2.85,-0.59,204502,0

-2.32,4.22,0.73,204512,0

-2.57,4.80,0.59,204523,0

-3.06,5.54,0.47,204534,0

-3.19,5.60,-0.07,204548,0

-4.50,7.68,0.25,204560,0

-5.90,9.40,1.02,204574,0

-6.58,12.63,1.48,204587,0

-6.92,14.96,3.01,204600,0

-4.77,14.21,4.88,204611,0

0.93,15.58,3.89,204622,0

-1.21,17.22,3.30,204634,0

-5.48,15.58,1.37,204646,0

-7.98,16.08,0.52,204658,0

-14.58,13.56,-0.14,204669,0

-21.09,4.25,-0.98,204681,0

-11.89,9.81,-0.33,204692,0

-19.94,2.89,-2.45,204703,0

-17.60,6.96,-0.06,204715,0

-18.54,6.65,0.61,204726,0

-18.12,3.14,0.17,204738,0

-17.29,0.99,-0.23,204750,0

-15.88,-0.14,-1.25,204762,0

-15.35,0.86,-1.43,204773,0

-14.81,1.27,-1.56,204789,0

-13.72,1.22,-1.61,204802,0

-12.17,1.34,-1.49,204813,0

-11.38,1.54,-1.29,204824,0

-10.09,3.18,-0.82,204834,0

-9.12,3.52,-0.58,204848,0

-8.10,3.85,-0.32,204860,0

-6.62,5.44,0.11,204871,0

-4.59,8.11,0.75,204882,0

-3.29,9.94,0.74,204894,0

-0.74,10.61,0.82,204905,0

0.74,10.44,1.08,204916,0

2.43,9.91,1.10,204928,0

4.91,10.77,1.34,204940,0

6.78,12.48,1.78,204952,0

11.89,14.54,0.87,204962,0

15.63,12.93,2.96,204974,0

17.60,11.83,2.59,204990,0

19.38,10.73,2.27,205002,0

22.52,4.05,2.82,205012,0

24.02,2.81,4.00,205024,1

26.08,4.01,4.37,205036,1

33.13,5.11,0.73,205048,1

35.66,3.58,-0.08,205061,1

28.44,-8.05,-0.14,205072,1

24.60,-8.41,0.09,205083,1

21.33,-5.61,0.87,205094,1

17.85,-2.56,2.12,205107,1

13.38,4.64,7.16,205118,2

-7.30,-4.74,-4.68,205129,2

2.34,4.02,-8.30,205142,2

5.67,11.37,-7.90,205153,2

6.65,10.91,-7.19,205164,2

6.44,10.36,-8.13,205174,2

9.51,0.23,4.59,205188,2

-2.91,2.39,-3.78,205222,2

1.83,-4.17,5.37,205234,2

-0.43,-3.86,4.47,205245,2

0.83,2.64,-2.79,205257,2

1.63,0.83,-0.83,205268,2

0.34,-0.13,0.33,205280,2

-0.38,-0.27,0.51,205291,2

0.37,1.29,-1.13,205302,2

0.13,0.48,-0.27,205314,2

0.22,0.57,-0.52,205325,2

0.38,0.95,-0.70,205337,2

-0.11,0.01,-0.17,205349,2

-0.14,-0.12,0.25,205362,2

-0.13,-0.58,0.71,205373,2

0.00,-0.49,0.59,205384,2

0.11,-0.20,0.14,205395,2

0.17,-0.09,0.03,205408,2

0.21,0.00,-0.08,205419,2

0.16,0.05,-0.19,205443,2

0.12,-0.07,-0.04,205454,2

0.12,-0.06,0.08,205464,2

0.15,-0.07,0.13,205475,2

0.02,-0.14,0.22,205488,2

-0.01,-0.13,0.19,205501,2

0.00,-0.02,0.07,205512,2

0.30,0.51,-0.57,205523,2

0.25,0.74,-0.73,205535,2

0.05,0.63,-0.43,205546,2

-0.14,0.46,-0.05,205559,2

-0.06,0.38,-0.06,205570,2

0.21,0.70,-0.07,205582,2

0.07,1.75,-0.12,205593,2

-0.21,1.91,-0.21,205604,2

-0.65,2.70,-0.45,205616,2

-0.19,1.93,-0.66,205626,2

0.01,1.94,-0.80,205639,2

-0.10,2.10,-0.79,205654,2

-0.83,3.04,-0.57,205665,2

-1.68,2.79,0.66,205676,2

-2.28,3.68,0.80,205688,2

-2.26,4.30,0.65,205702,2

-2.61,6.20,0.03,205713,2

-3.79,7.77,0.36,205724,2

-4.88,8.54,0.48,205734,2

-6.76,10.29,1.46,205748,2

-8.49,12.31,3.21,205760,2

-8.74,13.59,4.66,205771,2

-2.18,16.20,6.75,205783,2

-0.11,18.92,5.03,205794,2

-1.79,15.02,3.91,205805,2

-6.11,14.32,2.85,205816,2

-8.19,14.72,1.98,205827,2

-10.78,12.02,1.30,205840,2

-18.18,4.96,2.20,205852,2

-4.71,9.16,3.59,205867,2

-18.99,3.89,-1.47,205878,2

-15.37,12.24,0.78,205890,2

-16.01,9.72,0.38,205902,2

-14.90,0.48,0.13,205913,2

-14.99,-1.37,-0.32,205924,2

-15.20,-0.03,-0.44,205935,2

-15.16,1.12,-0.53,205948,2

-14.87,0.82,-0.60,205961,2

-14.43,0.21,-0.71,205972,2

-13.33,0.16,-0.78,205983,2

-12.19,1.93,-0.83,205995,2

-11.34,2.16,-0.67,206006,2

-10.36,2.48,-0.64,206017,2

-9.03,3.77,-0.53,206028,1

-8.17,4.71,-0.45,206041,1

-7.13,5.72,-0.52,206052,1

-3.24,9.10,-0.39,206067,1

-1.59,9.71,-0.18,206078,1

0.09,10.12,0.23,206091,1

2.63,11.99,1.13,206102,1

6.62,12.01,2.30,206113,1

8.57,13.74,2.72,206125,0

14.04,14.64,2.67,206136,0

16.76,11.45,3.86,206149,0

18.97,10.22,3.27,206161,0

21.37,4.14,1.20,206173,0

21.91,3.29,1.20,206184,0

22.58,3.80,1.62,206195,0

24.88,4.32,3.44,206206,0

27.17,4.00,3.49,206218,0

30.66,3.21,1.98,206229,0

32.91,1.05,0.75,206241,0

27.91,-5.88,-1.11,206253,0

24.25,-6.27,-0.75,206264,0

18.32,-1.06,1.08,206278,0

12.23,0.90,3.86,206291,0

-7.39,-10.17,-4.63,206303,0

-1.91,14.16,-12.53,206314,0

4.04,13.81,-8.22,206325,0

7.87,14.01,-12.17,206337,0

4.87,7.81,-7.06,206349,0

8.28,3.69,1.45,206362,0

6.66,-5.57,8.47,206372,0

-2.66,3.68,-5.08,206384,0

-1.40,1.16,-1.95,206395,0

2.06,-2.12,2.61,206407,0

-0.73,-1.83,2.06,206418,0

-0.78,1.11,-1.19,206430,0

1.06,1.70,-1.64,206442,0

-0.22,0.15,-0.05,206453,0

0.31,-0.14,0.27,206464,0

0.16,-0.03,0.26,206475,0

0.09,0.75,-0.55,206491,0

0.37,0.82,-0.71,206502,0

0.17,0.57,-0.38,206514,0

0.11,0.33,-0.20,206525,0

-0.10,-0.13,0.04,206536,0

0.11,-0.01,-0.08,206548,0

-0.13,-0.35,0.52,206561,0

-0.35,-0.33,0.61,206572,0

-0.04,-0.32,0.51,206583,0

0.09,-0.10,0.00,206595,0

0.19,0.05,-0.17,206606,0

0.12,-0.12,0.00,206617,0

0.07,-0.04,0.06,206628,0

-0.02,-0.13,0.20,206641,0

0.03,-0.18,0.17,206653,0

-0.02,-0.06,0.16,206663,0

-0.05,-0.07,0.20,206674,0

-0.02,0.08,0.16,206686,0

0.00,0.26,-0.15,206701,0

0.32,0.81,-0.72,206713,0

0.34,0.84,-0.66,206725,0

0.15,0.61,-0.38,206735,0

0.18,0.75,-0.35,206747,0

-0.11,1.69,0.00,206760,0

0.00,1.03,0.24,206771,0

-0.80,1.85,0.82,206783,0

-0.47,2.06,0.65,206793,0

-0.35,1.45,-0.25,206804,0

-0.25,2.90,-0.59,206816,0

-0.19,3.73,-1.07,206827,0

-0.10,3.14,-1.96,206839,0

-0.37,3.26,-1.80,206852,0

-1.52,3.38,-0.30,206863,0

-2.66,3.72,1.18,206874,0

-2.74,4.64,0.78,206885,0

-2.93,5.94,0.16,206898,0

-3.78,6.43,-0.10,206913,0

-5.62,9.06,1.03,206924,0

-6.57,9.67,1.05,206936,0

-7.44,12.33,2.14,206947,0

-7.98,15.32,4.07,206960,0

-5.44,14.52,5.54,206971,0

-1.50,15.81,5.16,206983,0

0.26,18.08,3.50,206994,0

-5.49,14.91,1.22,207005,0

-8.17,16.32,1.94,207016,0

-14.95,13.23,1.06,207028,0

-22.69,5.90,0.56,207040,0

-31.66,-1.96,-1.14,207052,0

-21.64,4.22,-1.96,207064,0

-18.98,2.49,-0.38,207075,0

-16.35,8.05,-0.54,207086,0

-15.52,4.32,-0.63,207098,0

-14.43,2.77,-0.83,207112,0

-13.36,-0.14,-0.88,207126,0

-13.36,0.51,-0.73,207138,0

-13.50,0.77,-0.72,207151,0

-13.55,1.30,-0.41,207163,0

-13.08,0.53,-0.15,207174,0

-12.69,0.83,-0.04,207185,0

-11.95,2.40,0.35,207197,0

-11.13,2.82,0.66,207209,0

-10.14,3.42,0.90,207220,0

-8.16,4.96,1.01,207233,0

-5.12,7.27,0.93,207244,0

-3.44,8.66,0.91,207254,0

-0.13,10.94,0.78,207265,0

1.87,11.51,0.60,207277,0

3.54,11.75,0.63,207290,0

5.50,12.38,0.87,207302,0

7.82,14.32,2.52,207313,0

9.30,14.76,3.09,207328,0

13.83,16.05,1.96,207341,0

16.64,12.72,3.93,207352,0

22.94,1.98,4.80,207364,0

23.74,3.89,4.40,207375,0

25.55,6.96,4.08,207386,0

29.92,8.87,2.56,207399,0

41.18,3.96,-4.12,207413,0

37.28,-14.16,-3.07,207423,0

27.95,-6.12,-0.99,207434,0

23.81,2.39,1.92,207446,0

16.76,5.56,4.62,207458,0

22.05,6.83,10.26,207469,0

9.50,9.77,-6.15,207480,0

2.47,18.33,-12.89,207493,0

9.55,10.68,-5.83,207504,0

7.32,9.02,-6.01,207515,0

6.51,6.18,-2.95,207526,0

6.49,1.86,0.10,207542,0

-0.40,2.27,-2.23,207553,0

-2.17,1.46,-2.17,207564,0

1.72,-2.18,2.88,207576,0

0.41,-2.38,2.88,207588,0

-0.63,-0.05,0.01,207600,0

-0.06,1.17,-1.26,207612,0

-0.51,0.39,0.00,207624,0

-0.06,0.11,-0.05,207635,0

0.42,-0.08,0.00,207646,0

0.03,0.36,-0.25,207659,0

0.16,0.59,-0.39,207670,0

0.36,0.38,-0.31,207681,0

0.05,0.22,-0.29,207693,0

0.09,0.04,-0.22,207704,0

-0.06,-0.04,0.12,207715,0

-0.33,-0.12,0.42,207726,0

-0.27,0.00,0.36,207738,0

-0.13,-0.33,0.42,207754,0

0.08,-0.66,0.60,207764,0

0.12,-0.38,0.56,207775,0

-0.02,-0.56,0.54,207788,0

0.19,0.03,-0.15,207800,0

0.13,0.00,-0.05,207812,0

-0.03,-0.08,0.26,207823,0

-0.01,-0.15,0.14,207835,0

0.18,0.22,-0.30,207846,0

0.11,0.17,-0.25,207858,0

0.08,0.09,-0.01,207869,0

0.11,0.21,-0.13,207881,0

0.02,0.41,-0.24,207893,0

0.04,0.59,-0.38,207904,0

-0.08,0.48,-0.12,207915,0

0.00,0.86,-0.10,207926,0

-0.02,1.06,0.06,207938,0

-0.02,1.32,-0.07,207950,0

-0.16,1.66,0.39,207965,0

-0.65,2.34,0.41,207976,0

-0.42,0.77,0.23,207987,0

-0.45,2.10,-0.29,208001,0

0.04,2.16,-1.35,208013,0

-0.08,2.98,-1.68,208024,0

-1.01,2.77,-0.47,208035,0

-1.63,3.23,0.20,208046,0

-2.25,3.77,0.73,208059,0

-2.73,4.58,0.87,208069,0

-2.98,6.70,0.17,208080,0

-3.24,6.89,-0.35,208093,0

-5.64,9.54,0.52,208104,0

-7.04,10.99,0.68,208115,0

-7.44,12.68,2.00,208126,0

-7.90,15.66,4.05,208138,0

-2.95,14.83,5.69,208151,0

-0.86,18.39,5.34,208163,0

-5.01,15.40,1.55,208178,0

-6.44,13.91,2.07,208190,0

-9.70,15.29,1.28,208202,0

-24.87,0.73,-0.24,208214,0

-21.78,-0.27,-0.71,208225,0

-8.10,8.54,3.87,208236,0

-18.22,0.80,-0.76,208248,0

-16.06,7.05,0.17,208262,0

-15.88,7.50,0.06,208273,0

-13.64,0.34,0.07,208284,0

-13.24,-1.11,-0.16,208294,0

-13.12,-1.63,-0.39,208306,0

-13.46,0.31,-0.30,208317,0

-13.62,0.92,-0.17,208328,0

-13.55,1.10,0.06,208340,0

-13.20,0.98,0.21,208353,0

-11.77,1.11,0.81,208364,0

-11.14,1.71,0.98,208375,0

-10.19,3.54,1.45,208392,0

-9.37,4.33,1.62,208403,0

-7.33,5.25,1.91,208414,0

-5.08,7.79,2.04,208425,0

-3.17,9.15,1.94,208437,0

-1.56,10.10,1.90,208449,0

0.50,11.32,1.92,208462,0

1.74,12.48,2.47,208474,0

4.64,12.44,3.83,208485,0

8.19,13.72,4.32,208496,0

11.27,14.67,3.78,208507,0

14.10,14.44,3.69,208519,0

20.09,11.52,1.98,208530,0

22.66,8.95,-0.09,208542,0

25.86,5.74,-4.51,208553,0

27.74,1.07,-4.83,208565,0

29.00,0.00,-3.05,208576,0

30.43,0.02,-1.01,208588,0

32.31,-0.18,-0.60,208621,0

29.45,-3.74,-1.69,208633,0

25.25,3.19,8.30,208645,0

-4.13,-15.10,-7.61,208656,0

-0.24,-1.07,5.07,208666,0

-4.86,10.60,-13.26,208677,0

5.89,13.58,-6.22,208691,0

9.33,15.54,-14.27,208703,0

8.06,3.27,1.16,208714,0

8.03,-0.03,3.58,208726,0

5.19,-4.10,6.27,208737,0

-2.00,3.05,-4.15,208749,0

0.02,0.95,-1.51,208761,0

2.16,-1.32,1.80,208773,0

-0.51,0.76,-0.88,208784,0

0.55,1.30,-1.24,208795,0

0.40,0.32,0.02,208806,0

-0.07,-0.06,0.16,208821,0

0.38,-0.44,0.55,208832,0

0.30,-0.21,0.35,208844,0

0.57,0.71,-0.74,208855,0

0.13,0.58,-0.26,208866,0

0.07,0.34,-0.26,208877,0

-0.07,0.02,-0.09,208889,0

-0.03,-0.03,-0.01,208903,0

-0.03,-0.11,0.31,208914,0

-0.06,-0.19,0.50,208925,0

0.00,-0.39,0.48,208936,0

0.10,-0.38,0.38,208948,0

0.11,-0.30,0.30,208961,0

0.12,-0.14,0.19,208971,0

0.31,0.14,-0.14,208984,0

0.23,0.11,-0.26,208995,0

0.14,0.00,-0.02,209006,0

0.16,0.14,-0.13,209016,0

0.21,0.35,-0.33,209032,0

0.08,0.25,-0.17,209043,0

-0.15,-0.16,0.31,209054,0

-0.10,-0.13,0.26,209065,0

-0.06,0.31,-0.01,209077,0

0.05,0.28,-0.09,209089,0

0.23,0.69,-0.55,209102,0

0.29,1.12,-0.69,209114,0

0.03,1.34,-0.32,209125,0

0.05,1.25,-0.31,209136,0

-0.23,1.80,-0.15,209147,0

-0.52,1.49,0.02,209160,0

-0.29,2.02,0.36,209171,0

-0.67,2.25,0.36,209182,0

-0.33,2.19,-0.45,209195,0

-0.57,2.27,-0.52,209205,0

-0.62,1.97,-0.66,209216,0

-1.04,2.74,-0.15,209227,0

-1.84,3.58,0.58,209243,0

-2.46,4.82,0.62,209254,0

-2.50,5.30,-0.21,209265,0

-2.44,6.51,-1.30,209276,0

-3.04,8.26,-1.35,209288,0

-4.30,7.89,-0.88,209301,0

-6.60,11.90,0.83,209313,0

-8.07,12.81,3.26,209325,0

-3.35,17.03,4.66,209336,0

-3.08,19.30,4.20,209347,0

-0.19,14.59,3.04,209359,0

-0.05,18.71,3.18,209371,0

-4.38,12.04,1.29,209382,0

-6.40,13.73,1.52,209393,0

-24.67,4.02,0.60,209404,0

-33.48,-6.07,-0.85,209416,0

-8.54,1.33,2.91,209427,0

-16.23,5.85,-0.27,209439,0

-18.09,5.17,-0.45,209454,0

-16.81,7.12,-0.45,209465,0

-15.70,3.90,-0.55,209476,0

-13.20,0.04,-0.93,209488,0

-12.62,-1.45,-1.18,209501,0

-12.28,-1.38,-1.18,209513,0

-12.41,1.61,-0.47,209524,0

-12.45,1.68,-0.04,209536,0

-12.35,1.41,0.14,209547,0

-12.01,1.14,0.62,209559,0

-11.63,1.64,0.86,209570,0

-11.13,2.46,1.11,209582,0

-10.18,4.31,1.62,209594,0

-8.33,5.25,2.00,209605,0

-7.23,6.08,2.25,209615,0

-4.49,9.55,2.49,209627,0

-2.57,10.95,2.36,209639,0

-0.46,11.48,1.73,209651,0

4.43,11.75,0.81,209667,0

5.88,11.55,0.72,209677,0

7.19,12.13,0.64,209690,0

11.49,14.23,-1.95,209702,0

13.08,14.29,-1.34,209715,0

22.08,6.36,-0.29,209725,0

23.92,3.31,-0.13,209736,0

24.31,2.51,-0.11,209748,0

24.45,3.34,1.16,209761,0

26.32,5.41,4.59,209772,0

28.51,5.36,4.60,209784,0

34.87,-2.07,-2.42,209796,0

34.05,-5.52,-3.15,209807,0

31.35,-8.20,-3.11,209818,0

27.44,-7.90,-1.94,209828,0

19.80,0.95,2.39,209842,0

16.85,3.42,3.71,209854,0

-12.19,-21.44,-1.03,209868,0

-4.59,13.47,-5.66,209880,0

4.64,16.96,-6.06,209892,0

10.18,14.38,-13.27,209904,0

8.23,3.72,1.34,209915,0

8.45,-4.12,8.95,209927,0

-0.18,4.48,-4.32,209938,0

-3.65,2.62,-4.53,209950,0

-0.44,-0.08,-0.79,209963,0

2.21,-2.62,3.47,209974,0

-1.15,0.79,-0.81,209985,0

0.78,1.48,-1.27,209996,0

0.18,-0.10,0.10,210008,0

-0.34,0.00,0.15,210019,0

-0.06,-0.45,0.69,210030,0

0.39,0.45,-0.25,210042,0

0.07,0.69,-0.61,210055,0

0.13,0.68,-0.55,210065,0

-0.02,0.05,-0.09,210080,0

-0.18,0.16,0.03,210093,0

-0.64,-0.21,0.59,210104,0

0.04,-0.44,0.53,210115,0

0.18,-0.15,0.18,210126,0

0.01,-0.33,0.51,210138,0

0.12,-0.18,0.14,210150,0

0.20,-0.15,0.18,210163,0

-0.01,-0.60,0.61,210174,0

0.24,-0.11,0.03,210186,0

0.21,0.17,-0.19,210196,0

0.11,0.14,-0.05,210208,0

0.01,-0.07,0.19,210219,0

0.01,-0.08,0.22,210230,0

0.12,0.14,0.00,210243,0

0.07,0.11,-0.08,210254,0

0.29,0.64,-0.48,210266,0

0.24,0.82,-0.36,210277,0

-0.03,0.76,-0.04,210292,0

-0.11,1.70,0.09,210305,0

-0.05,0.65,-0.06,210316,0

-0.51,1.91,0.14,210326,0

-0.24,1.77,-0.27,210337,0

-0.04,1.61,-0.74,210351,0

-0.27,2.65,-0.79,210363,0

-0.21,2.63,-0.84,210374,0

-0.25,2.66,-1.39,210385,0

-0.42,2.53,-1.49,210397,0

-0.84,2.48,-0.73,210408,0

-1.56,2.85,0.30,210419,0

-2.38,3.06,1.01,210430,0

-2.87,4.10,1.57,210443,0

-2.95,4.51,1.17,210455,0

-3.26,6.42,-0.17,210465,0

-4.54,8.07,0.66,210477,0

-5.60,7.89,1.40,210489,0

-6.53,9.51,1.57,210504,0

-6.40,13.44,5.10,210515,0

-3.03,13.97,5.10,210527,0

1.11,15.44,4.47,210538,0

1.88,17.21,3.44,210550,0

-2.42,17.94,3.09,210563,0

-4.73,14.78,2.79,210575,0

-18.25,10.19,1.48,210585,0

-21.70,3.21,0.12,210596,0

-7.20,5.70,2.80,210609,0

-15.85,9.05,-0.45,210620,0

-18.17,1.93,-0.83,210630,0

-15.58,6.95,0.35,210643,0

-14.26,2.07,-0.67,210655,0

-13.46,1.12,-0.69,210666,0

-13.37,-0.55,-1.08,210677,0

-13.40,-0.28,-1.06,210689,0

-13.50,0.09,-1.06,210702,0

-13.45,0.69,-0.44,210716,0

-13.18,0.57,-0.24,210727,0

-12.80,0.66,-0.07,210739,0

-11.99,1.36,0.19,210752,0

-11.45,1.91,0.45,210764,0

-10.85,2.66,0.83,210776,0

-8.66,5.10,1.43,210787,0

-7.58,5.62,1.48,210797,0

-6.24,6.24,1.54,210810,0

-3.48,9.04,1.65,210822,0

-1.60,9.77,1.69,210832,0

0.03,9.54,1.59,210844,0

2.49,11.93,2.83,210855,0

3.70,11.95,3.45,210867,0

5.31,12.02,3.88,210878,0

10.35,13.88,3.55,210890,0

12.87,13.34,4.28,210904,0

18.89,11.26,2.27,210918,0

23.28,7.13,0.12,210929,0

24.87,5.86,-0.63,210941,0

26.05,4.63,-0.28,210954,0

30.59,5.26,2.13,210965,0

33.75,4.41,0.39,210976,0

36.02,2.31,-0.80,210988,0

33.13,-5.19,-1.15,211000,0

29.40,-8.00,-1.97,211012,0

21.89,-6.70,-0.22,211024,0

5.87,2.77,2.05,211035,0

5.17,26.85,-19.45,211046,0

-3.29,12.19,-10.43,211057,0

12.96,14.20,-10.67,211068,0

11.49,12.49,-6.20,211080,0

7.18,7.01,-3.12,211092,0

8.19,1.86,0.29,211104,0

-1.47,2.41,-2.80,211116,0

-2.72,0.90,-1.78,211130,0

2.37,-2.14,2.93,211143,0

-0.05,-2.84,3.37,211154,0

0.63,1.40,-1.50,211166,0

-0.09,0.32,0.07,211177,0

-0.43,0.44,-0.23,211188,0

0.00,-0.44,0.56,211201,0

0.15,0.26,-0.08,211214,0

0.66,0.84,-0.75,211225,0

0.21,0.44,-0.26,211236,0

0.24,0.40,-0.31,211248,0

-0.01,-0.13,0.16,211259,0

-0.02,0.14,-0.04,211270,0

-0.02,0.20,-0.06,211281,0

-0.04,0.14,-0.06,211294,0

-0.05,0.03,0.13,211305,0

0.08,-0.31,0.39,211316,0

0.01,-0.41,0.52,211328,0

0.00,-0.21,0.31,211343,0

0.04,0.18,-0.11,211355,0

0.11,0.00,0.00,211366,0

0.12,0.00,0.10,211377,0

0.23,0.01,0.14,211389,0

0.31,0.25,-0.26,211401,0

0.23,0.22,-0.24,211414,0

0.07,0.04,0.04,211425,0

0.20,0.17,0.04,211436,0

0.00,0.19,-0.12,211447,0

0.11,0.81,-0.06,211459,0

0.07,1.14,-0.36,211470,0

0.16,1.09,-0.22,211481,0

-0.59,1.57,0.18,211493,0

-0.17,1.11,-0.09,211505,0

-0.40,1.50,-0.22,211516,0

-0.22,1.80,-0.12,211527,0

-0.30,1.70,0.05,211538,0

-0.29,1.95,-0.41,211554,0

-0.23,2.65,-1.30,211565,0

-0.33,2.53,-1.38,211576,0

-0.42,2.21,-1.19,211588,0

-1.43,3.32,-0.01,211600,0

-2.10,3.45,0.80,211613,0

-2.64,4.13,1.19,211624,0

-2.90,5.70,-0.35,211636,0

-3.08,6.85,-0.84,211647,0

-4.19,8.39,-0.05,211657,0

-5.59,9.83,1.11,211668,0

-6.55,11.30,1.48,211680,0

-6.65,13.07,2.75,211693,0

-3.92,14.87,5.09,211704,0

-1.38,17.44,4.51,211716,0

-0.18,17.96,4.17,211727,0

-5.08,15.75,2.35,211738,0

-6.18,15.85,2.17,211751,0

-24.59,0.65,-0.07,211766,0

-27.24,1.56,0.07,211777,0

-9.39,8.77,2.77,211788,0

-19.14,6.01,-2.46,211801,0

-15.96,10.48,-0.37,211813,0

-15.98,10.12,-0.23,211824,0

-14.47,3.43,-0.33,211835,0

-13.43,0.33,-0.87,211847,0

-13.32,0.42,-0.92,211858,0

-13.20,0.83,-0.86,211869,0

-13.34,0.63,-0.73,211880,0

-13.22,0.37,-0.66,211893,0

-13.14,0.30,-0.70,211905,0

-12.44,2.00,-0.07,211916,0

-11.92,2.16,0.17,211928,0

-11.36,2.18,0.45,211939,0

-10.05,3.50,0.62,211951,0

-7.81,5.53,0.97,211975,0

-3.08,9.03,0.39,211986,0

-1.13,9.51,-0.01,211997,0

0.70,9.95,-0.24,212008,0

3.05,9.41,-0.04,212020,0

3.87,9.42,0.30,212031,0

4.81,10.83,0.78,212043,0

6.24,13.10,1.44,212056,0

13.26,15.48,2.03,212066,0

15.09,13.36,3.41,212077,0

19.48,8.38,2.18,212089,0

21.04,6.90,1.01,212102,0

22.45,6.09,0.29,212115,0

24.09,4.43,0.38,212125,0

30.56,4.93,3.79,212136,0

34.42,4.32,2.30,212148,0

38.20,-0.27,-0.50,212160,0

37.22,-3.56,-1.71,212171,0

33.85,-7.13,-2.38,212183,0

8.30,-18.63,-4.14,212197,0

2.23,-3.87,4.82,212208,0

4.60,21.63,-13.76,212219,0

5.59,11.42,-3.05,212231,0

11.75,15.96,-13.31,212243,0

10.93,13.26,-7.81,212255,0

6.78,0.80,2.50,212267,0

5.35,-2.81,5.39,212278,1

3.05,-2.35,3.50,212289,1

-0.90,0.51,-1.08,212301,1

1.46,-1.23,1.28,212315,1

0.03,-1.11,1.29,212326,2

0.79,1.21,-1.05,212337,2

0.77,0.12,0.05,212348,2

-0.04,0.20,0.01,212360,2

-0.03,-0.28,0.56,212371,2

0.13,-0.06,0.32,212382,2

0.36,1.06,-1.02,212397,2

0.24,0.44,-0.39,212408,2

0.10,0.22,0.00,212419,2

0.24,0.36,-0.24,212430,2

0.01,-0.02,0.02,212443,2

0.04,-0.02,0.00,212455,2

-0.01,0.25,0.00,212466,2

0.01,-0.35,0.54,212477,1

0.02,-0.59,0.66,212489,1

0.08,-0.64,0.57,212500,1

0.04,-0.40,0.64,212513,1

-0.01,-0.64,0.63,212525,1

0.08,-0.33,0.40,212536,1

0.14,-0.18,0.06,212547,1

0.27,0.15,-0.14,212558,1

0.18,0.11,-0.07,212569,1

0.06,0.23,-0.08,212580,0

0.10,0.24,-0.21,212593,0

0.13,0.31,-0.31,212605,0

0.22,0.33,-0.32,212620,0

0.20,0.45,-0.30,212631,0

0.17,0.36,-0.28,212643,0

0.09,0.49,-0.38,212656,0

-0.15,0.51,0.22,212666,0

-0.45,1.02,0.54,212677,0

-0.16,1.02,0.02,212688,0

-0.27,2.26,0.40,212702,0

-0.64,1.62,0.37,212714,0

-0.88,3.99,0.00,212725,0

-0.12,3.31,-1.14,212737,0

0.08,3.67,-1.51,212748,0

-0.35,2.77,-1.48,212759,0

-0.84,3.29,-1.08,212770,0

-1.46,3.42,-0.51,212782,0

-1.64,3.37,-0.04,212794,0

-2.50,4.66,0.25,212806,0

-3.14,5.98,0.30,212816,0

-3.89,5.73,0.49,212832,0

-4.41,6.68,0.55,212844,0

-5.53,9.39,1.18,212855,0

-7.66,12.71,3.96,212867,0

-6.98,13.86,4.88,212878,0

-4.91,14.35,6.28,212890,0

-1.13,15.92,4.45,212902,0

1.98,15.78,3.15,212915,0

-1.37,16.84,3.08,212926,0

-10.33,16.18,0.76,212937,0

-16.90,11.42,0.38,212948,0

-22.55,3.89,0.00,212961,0

-8.39,2.05,1.47,212972,0

-15.93,8.80,-1.20,212983,0

-19.47,3.37,-1.48,212996,0

-16.07,6.44,-0.22,213007,0

-15.11,2.76,-0.49,213018,0

-14.14,1.05,-0.53,213032,1

-13.81,-0.03,-0.84,213045,1

-13.77,1.22,-0.54,213056,1

-13.74,1.18,-0.31,213067,1

-13.42,1.01,-0.01,213079,1

-12.94,0.81,0.06,213091,1

-12.56,0.89,0.02,213103,1

-11.88,2.02,0.38,213115,1

-10.59,3.00,0.95,213127,1

-9.70,3.64,1.21,213138,1

-8.09,5.13,1.25,213149,1

-6.78,6.07,1.38,213163,1

-5.12,7.57,1.44,213173,2

-1.52,10.22,1.32,213185,2

1.77,10.27,1.20,213196,2

3.23,10.72,1.63,213208,2

5.24,10.66,2.69,213219,2

6.75,12.82,3.38,213230,2

9.40,14.92,3.17,213245,2

16.91,13.18,4.84,213257,2

19.84,10.92,3.80,213268,2

22.39,7.58,2.49,213279,2

25.39,3.78,-0.42,213292,2

26.44,2.01,-0.44,213304,2

27.53,1.39,0.47,213316,2

33.09,2.21,-0.03,213327,2

34.63,0.13,-1.13,213339,2

34.20,-2.90,-1.65,213350,2

28.84,-6.97,-2.23,213362,2

25.40,-5.61,-1.56,213373,1

21.79,-3.01,-0.31,213386,1

0.75,-8.38,-1.49,213397,1

1.27,19.84,-13.77,213407,1

-4.00,15.00,-10.64,213419,1

12.44,13.89,-9.78,213430,0

10.15,9.68,-6.36,213443,0

6.64,-3.47,6.76,213457,0

5.43,-2.20,3.45,213469,0

-0.58,4.39,-4.61,213480,0

-1.79,2.07,-3.16,213492,0

1.98,-2.89,3.73,213506,0

-0.61,0.56,-0.63,213517,0

0.71,1.54,-1.47,213528,0

-0.11,0.00,0.24,213538,0

-0.24,0.50,-0.37,213551,0

0.11,-0.06,0.23,213563,0

-0.20,0.01,0.30,213574,0

0.07,0.53,-0.28,213586,0

0.38,0.76,-0.61,213598,0

0.24,0.64,-0.42,213608,0

0.25,0.35,-0.43,213619,0

-0.05,-0.01,-0.02,213630,0

-0.14,-0.09,0.14,213643,0

-0.19,-0.08,0.16,213655,0

-0.25,-0.05,0.38,213670,0

-0.06,-0.31,0.55,213681,0

0.00,-0.13,0.28,213694,0

0.02,0.00,0.12,213705,0

0.26,-0.13,0.12,213716,0

0.14,-0.33,0.52,213728,0

0.09,-0.29,0.44,213739,0

0.00,-0.19,0.30,213750,0

0.14,-0.28,0.24,213763,0

0.22,-0.17,0.23,213774,0

0.14,-0.22,0.32,213785,0

0.18,0.01,-0.05,213796,0

0.31,0.29,-0.27,213808,0

0.21,0.65,-0.38,213819,0

0.27,0.76,-0.50,213830,0

0.17,1.03,-0.46,213842,0

-0.17,1.02,0.00,213855,0

-0.59,1.74,0.33,213866,0

-0.01,0.41,0.14,213881,0

-0.29,1.45,0.03,213894,0

-0.29,1.06,0.06,213906,0

-0.64,3.44,-0.29,213917,0

-0.37,2.82,-0.97,213928,0

-0.28,2.55,-1.46,213939,0

-0.16,3.15,-1.75,213952,0

-0.27,3.20,-1.81,213964,0

-0.95,3.27,-0.98,213976,0

-2.61,3.88,1.21,213987,0

-2.79,4.80,0.67,213998,0

-3.07,5.55,0.61,214009,0

-3.62,6.11,0.37,214021,0

-4.79,8.00,0.66,214032,0

-6.05,10.85,1.22,214044,0

-7.17,11.06,1.43,214056,0

-5.49,15.36,5.59,214068,0

-2.41,15.82,5.75,214078,0

-1.49,18.40,5.43,214094,0

1.89,17.32,3.25,214107,0

-4.50,14.99,1.59,214118,0

-13.47,15.34,0.63,214128,0

-21.05,7.76,0.57,214139,0

-29.13,-0.63,-1.68,214153,0

-14.87,-0.84,0.85,214165,0

-16.64,3.28,-0.88,214176,0

-15.96,8.01,-0.98,214188,0

-14.88,4.80,-0.84,214199,0

-14.21,3.05,-1.01,214211,0

-13.27,1.15,-1.05,214222,0

-12.75,-0.36,-1.24,214233,0

-12.48,-0.48,-1.46,214246,0

-12.52,0.45,-1.40,214257,0

-12.56,0.66,-1.13,214267,0

-12.59,1.03,-0.56,214279,0

-12.26,1.12,-0.28,214295,0

-11.88,1.20,-0.09,214306,0

-10.69,2.83,1.11,214318,0

-10.04,3.53,1.48,214329,0

-9.42,4.21,1.69,214340,0

-8.23,6.18,1.83,214352,0

-7.09,7.03,1.87,214366,0

-3.34,10.51,2.13,214377,0

-1.74,11.18,1.98,214388,0

-0.04,12.02,1.68,214398,0

1.48,13.05,1.69,214411,0

3.76,14.81,2.67,214422,0

6.51,16.61,2.32,214433,0

9.66,17.34,2.43,214446,0

20.97,12.52,1.97,214457,0

24.67,10.89,0.67,214468,0

28.11,9.24,-1.32,214479,0

32.29,3.30,-4.36,214492,0

33.09,0.52,-3.69,214506,0

39.79,1.21,-2.13,214517,0

40.73,0.84,-2.34,214529,0

39.04,-0.46,-2.09,214540,0

34.69,-4.24,-1.80,214553,0

24.04,-6.55,-1.49,214565,0

19.05,-3.49,0.28,214577,0

-8.10,-20.47,0.39,214588,0

-4.96,7.86,-7.52,214599,0

2.57,13.22,-10.87,214611,0

9.06,16.05,-7.54,214622,0

10.11,8.23,-2.20,214633,0

6.84,8.63,-3.99,214646,0

5.91,-4.03,6.12,214657,0

4.27,-2.18,3.76,214668,0

0.76,2.37,-2.06,214679,0

-1.37,1.97,-2.69,214691,0

1.88,-1.43,2.00,214707,0

-0.45,-0.55,0.53,214718,0

0.69,1.00,-0.60,214729,0

0.44,-0.30,0.50,214739,0

0.02,-0.23,0.26,214753,0

-0.08,-0.12,0.26,214765,0

0.15,0.03,0.16,214776,0

0.56,1.00,-0.83,214788,0

0.12,0.15,-0.16,214799,0

0.16,0.63,-0.29,214810,0

-0.08,-0.13,0.19,214821,0

-0.13,-0.23,0.40,214833,0

0.09,-0.04,0.09,214845,0

0.05,-0.11,0.16,214856,0

0.02,-0.21,0.31,214867,0

0.04,-0.22,0.35,214879,0

0.01,-0.29,0.41,214890,0

0.03,-0.23,0.20,214902,0

0.12,0.17,0.00,214915,0

0.18,0.12,-0.05,214929,0

0.08,-0.13,0.08,214940,0

0.09,-0.01,0.06,214952,0

0.00,-0.06,0.16,214965,0

0.12,0.02,0.08,214977,0

0.14,0.18,-0.06,214987,0

0.17,0.29,-0.30,214999,0

0.22,0.34,-0.29,215011,0

0.29,0.54,-0.47,215021,0

0.29,0.59,-0.49,215032,0

0.32,0.88,-0.44,215046,0

0.13,1.16,-0.25,215057,0

-0.45,1.84,0.20,215068,0

-0.49,1.54,0.17,215079,0

-0.59,1.96,0.08,215091,0

-0.29,1.47,-0.07,215103,0

-0.36,2.27,-0.36,215116,0

0.25,2.36,-1.63,215128,0

-0.01,2.55,-1.72,215143,0

-0.46,2.36,-1.42,215156,0

-1.76,3.34,0.77,215168,0

-2.22,3.43,1.04,215179,0

-2.63,4.94,0.90,215190,0

-2.84,5.56,0.50,215202,0

-3.15,6.13,0.17,215215,0

-3.93,6.99,0.15,215226,0

-6.28,11.26,1.44,215237,0

-8.14,12.64,1.66,215248,0

-7.08,15.31,6.64,215260,0

-3.82,15.14,6.53,215271,0

-1.31,19.28,5.80,215282,0

-0.06,17.30,4.25,215294,0

-2.17,16.23,2.50,215307,0

-7.92,14.91,1.57,215318,0

-20.77,5.39,1.05,215328,0

-29.82,2.57,-2.06,215340,0

-18.54,2.73,-0.60,215373,0

-14.34,9.39,-0.45,215384,0

-14.50,7.92,-0.75,215396,0

-12.41,0.18,-0.52,215407,0

-12.65,-0.81,-0.65,215418,0

-12.92,-0.11,-0.48,215430,0

-13.69,1.19,-0.17,215441,0

-13.70,1.22,-0.06,215454,0

-13.55,0.85,0.12,215467,0

-13.01,0.96,0.48,215478,0

-12.58,1.61,0.69,215489,0

-12.09,2.02,0.96,215499,0

-10.77,3.42,1.37,215512,0

-9.81,3.83,1.45,215523,0

-8.71,4.55,1.50,215534,0

-6.35,6.31,1.02,215546,0

-2.59,8.70,0.67,215558,0

-0.63,9.37,0.46,215572,0

1.53,10.80,0.53,215583,0

2.44,11.68,1.04,215597,0

6.04,12.91,3.30,215608,0

8.78,13.54,2.84,215618,0

11.53,13.36,2.53,215629,0

13.66,12.26,3.80,215642,0

18.89,11.60,2.14,215654,0

21.44,10.88,1.11,215666,0

25.95,2.72,-0.38,215677,0

26.40,1.64,0.74,215689,0

28.19,4.17,1.61,215700,0

31.17,5.65,1.44,215712,0

36.36,2.39,0.47,215724,0

35.65,-1.19,0.33,215735,0

33.00,-5.19,-0.94,215746,0

19.06,-1.11,4.08,215757,0

16.29,-0.07,3.58,215769,0

-6.23,-12.41,0.27,215783,0

-2.41,17.65,-15.45,215796,0

8.83,14.99,-12.45,215808,0

11.30,13.51,-7.00,215819,0

9.11,5.92,-0.65,215830,0

8.33,-0.26,4.81,215841,0

6.71,-4.25,6.92,215854,0

-1.87,4.00,-4.86,215867,0

1.56,-2.01,2.48,215877,0

1.23,-2.94,4.02,215888,0

-1.06,0.08,-0.16,215900,0

0.26,1.10,-0.92,215912,0

0.98,0.50,-0.21,215923,0

0.17,0.26,-0.24,215934,0

-0.06,-0.39,0.64,215947,0

0.37,1.18,-1.23,215958,0

0.30,0.60,-0.37,215969,0

0.14,0.29,-0.30,215980,0

0.37,1.03,-0.76,215996,0

-0.25,-0.22,0.18,216007,0

-0.34,-0.05,0.39,216018,0

-0.09,-0.07,0.24,216030,0

0.00,-0.43,0.65,216041,0

0.03,-0.69,0.72,216053,0

0.01,-0.68,0.71,216067,0

0.11,-0.29,0.39,216078,0

0.14,-0.38,0.28,216089,0

0.22,-0.17,0.12,216099,0

0.09,-0.25,0.22,216112,0

0.15,-0.11,0.16,216123,0

0.13,0.13,-0.04,216134,0

0.26,0.48,-0.51,216146,0

0.19,0.40,-0.36,216158,0

0.13,0.32,-0.19,216169,0

0.13,0.35,-0.19,216180,0

0.17,0.16,-0.10,216190,0

0.14,0.25,-0.21,216207,0

0.00,0.70,-0.10,216218,0

-0.19,1.17,0.18,216228,0

-0.18,1.01,-0.07,216240,0

-0.43,1.65,0.39,216252,0

-0.86,1.53,0.67,216265,0

-0.13,0.39,0.26,216276,0

-0.33,1.62,-0.27,216288,0

-0.14,2.31,-0.48,216299,0

-0.48,2.97,-0.47,216309,0

0.33,2.54,-2.05,216321,0

-0.15,2.89,-1.60,216332,0

-0.83,2.64,-0.87,216345,0

-1.78,3.42,0.37,216356,0

-2.67,4.01,1.23,216368,0

-2.83,5.11,0.74,216379,0

-3.19,6.73,0.21,216390,0

-3.86,6.52,0.01,216402,0

-6.70,10.64,0.64,216418,0

-7.63,12.69,1.33,216429,0

-7.20,14.21,3.49,216440,0

-7.34,15.89,6.35,216453,0

-0.97,19.11,6.36,216465,0

1.14,15.86,3.97,216476,0

-3.70,16.06,2.43,216487,0

-7.91,15.92,1.20,216499,0

-13.09,15.31,0.93,216510,0

-21.42,7.69,1.43,216521,0

-15.63,-1.19,0.36,216532,0

-11.23,8.57,1.74,216545,0

-18.08,5.55,-2.40,216557,0

-14.63,7.59,-0.49,216568,0

-14.11,3.59,-0.36,216580,0

-13.45,1.59,-0.63,216591,0

-12.80,-0.68,-0.82,216603,0

-12.88,-0.70,-0.85,216616,0

-13.07,0.06,-0.70,216631,0

-13.18,0.48,-0.48,216643,0

-12.98,0.34,-0.48,216656,0

-12.30,1.40,0.16,216668,0

-11.69,1.93,0.37,216679,0

-11.13,2.11,0.63,216690,0

-10.49,2.68,0.83,216702,0

-9.35,4.51,1.22,216715,0

-8.55,5.13,1.46,216726,0

-6.14,8.52,1.84,216737,0

-4.75,10.48,2.15,216749,0

-2.91,12.24,2.37,216760,0

-1.26,12.29,2.75,216771,0

1.26,11.89,3.40,216782,0

2.96,11.73,3.49,216795,0

4.54,12.29,3.80,216807,0

12.88,17.35,4.30,216818,0

16.28,14.58,4.05,216833,0

19.57,11.67,2.85,216846,0

25.58,8.35,-0.92,216857,0

29.47,3.40,-3.34,216868,0

32.37,1.40,-1.75,216880,0

34.07,1.86,-0.79,216891,0

36.44,2.02,-1.22,216904,0

38.66,0.61,-2.29,216916,0

31.82,-5.39,-1.67,216928,0

27.58,-5.14,-0.87,216939,0

15.76,19.88,14.55,216950,0

-12.00,-13.45,-6.31,216963,0

-2.34,-4.46,-0.83,216974,0

-7.12,12.56,-11.85,216985,0

8.01,16.08,-11.50,216997,0

9.18,10.48,-4.75,217009,0

9.16,1.35,3.01,217019,0

8.22,-2.97,7.54,217030,0

5.86,-4.24,5.94,217047,0

0.51,0.02,-0.51,217058,0

2.51,-1.70,2.51,217069,0

0.35,-2.60,3.31,217080,0

-0.15,1.11,-1.12,217093,0

1.41,0.90,-0.91,217105,0

0.73,0.12,-0.03,217117,0

0.19,-0.31,0.52,217128,0

0.39,0.78,-0.65,217140,0

0.53,0.76,-0.76,217151,0

0.12,0.67,-0.38,217163,0

0.25,0.47,-0.53,217175,0

0.21,0.68,-0.39,217186,0

0.00,0.07,-0.03,217197,0

-0.19,-0.31,0.49,217208,0

-0.11,-0.43,0.55,217220,0

0.01,-0.25,0.46,217231,0

0.08,-0.30,0.40,217242,0

0.01,-0.27,0.36,217257,0

0.04,-0.55,0.42,217269,0

0.28,-0.23,0.24,217280,0

0.44,0.08,-0.20,217291,0

0.43,0.14,-0.41,217304,0

0.17,0.20,-0.17,217317,0

-0.09,-0.31,0.50,217328,0

0.10,-0.12,0.18,217339,0

0.19,0.01,-0.07,217351,0

0.16,0.08,-0.05,217362,0

0.16,0.08,-0.06,217373,0

0.22,0.45,-0.36,217384,0

0.20,0.50,-0.39,217397,0

0.21,0.91,-0.46,217408,0

-0.04,1.44,-0.25,217419,0

0.11,0.79,-0.21,217431,0

0.00,0.95,-0.10,217442,0

-0.23,1.68,0.05,217454,0

-0.42,1.42,0.33,217469,0

-0.31,1.84,-0.10,217480,0

-0.17,1.78,-0.55,217492,0

0.03,2.51,-1.09,217504,0

-0.19,3.26,-1.39,217518,0

-0.89,2.76,-0.62,217528,0

-1.16,3.07,-0.26,217539,0

-2.11,3.65,0.74,217550,0

-2.47,4.05,0.92,217563,0

-2.68,4.66,0.68,217574,0

-2.89,5.90,0.30,217585,0

-4.02,7.03,0.35,217597,0

-5.56,10.05,0.72,217609,0

-7.60,12.25,1.59,217620,0

-7.39,13.40,3.33,217630,0

-7.56,14.93,5.37,217643,0

-5.05,15.60,6.80,217655,0

0.11,15.98,3.67,217667,0

-2.57,15.44,2.88,217682,0

-6.84,14.69,1.40,217695,0

-9.87,15.40,1.45,217707,0

-25.61,0.23,0.08,217718,0

-7.98,5.08,1.90,217730,0

-17.77,8.17,-2.31,217741,0

-18.25,2.63,-1.58,217753,0

-14.65,8.73,-1.27,217765,0

-13.95,4.59,-0.72,217777,0

-12.32,1.03,-0.82,217788,0

-12.34,-0.33,-0.90,217799,0

-12.50,0.16,-0.69,217810,0

-12.76,0.59,-0.47,217822,0

-13.23,0.68,0.03,217833,0

-13.12,0.47,0.15,217845,0

-12.87,0.42,0.21,217858,0

-11.90,1.81,0.95,217869,0

-11.44,1.95,1.43,217883,0

-10.89,2.37,1.70,217895,0

-9.54,4.33,1.89,217908,0

-6.93,5.64,2.08,217919,0

-5.29,6.30,2.06,217930,0

-2.19,8.52,1.86,217942,0

-0.71,9.59,1.59,217954,0

0.78,10.61,1.47,217966,0

3.06,11.03,1.82,217977,0

5.01,9.46,2.39,217989,0

6.45,11.79,2.71,218000,0

10.41,14.82,2.81,218012,0

12.64,15.66,3.33,218022,0

15.02,13.67,3.40,218034,0

17.49,10.88,2.67,218047,0

24.87,5.08,-1.06,218058,0

26.48,2.76,-1.03,218070,0

29.78,3.15,0.77,218081,0

33.08,3.75,0.43,218096,0

36.46,2.30,-1.32,218108,0

33.50,-7.58,-2.72,218120,0

29.49,-9.41,-3.07,218131,0

21.02,-2.23,2.01,218142,0

-5.49,-20.01,-1.87,218155,0

6.97,12.17,-7.31,218168,0

-0.98,10.09,-3.47,218179,0

13.12,14.35,-9.27,218189,0

8.74,8.48,-5.08,218201,0

6.73,5.50,-1.23,218214,0

5.82,-1.42,4.83,218224,0

4.40,-1.57,2.42,218235,0

-0.41,1.86,-1.88,218248,0

1.82,-1.76,2.34,218259,0

0.39,-1.77,2.13,218270,0

-0.53,0.22,-0.19,218281,0

0.60,0.68,-0.37,218294,0

-0.20,0.21,-0.14,218308,0

0.27,-0.14,0.22,218319,0

0.00,0.05,0.15,218331,0

0.27,0.79,-0.70,218342,0

0.55,0.87,-0.83,218354,0

0.03,0.33,-0.11,218366,0

0.21,0.38,-0.37,218378,0

-0.07,-0.04,0.02,218389,0

-0.21,0.10,0.03,218400,0

-0.16,0.13,0.12,218412,0

-0.03,-0.24,0.46,218423,0

0.01,-0.53,0.67,218434,0

0.03,-0.54,0.64,218446,0

0.06,-0.34,0.38,218459,0

0.27,-0.08,0.15,218470,0

0.27,-0.09,0.06,218480,0

0.23,-0.11,0.14,218492,0

0.23,-0.04,-0.03,218505,0

0.17,-0.12,0.16,218519,0

0.11,-0.03,0.15,218530,0

0.23,0.09,-0.12,218542,0

0.17,0.08,-0.13,218554,0

0.28,0.25,-0.30,218567,0

0.30,0.26,-0.23,218578,0

0.21,0.35,-0.29,218590,0

0.23,0.54,-0.46,218600,0

-0.02,0.76,-0.10,218612,0

-0.07,0.76,0.06,218624,0

-0.09,0.43,0.24,218634,0

-0.19,1.14,0.29,218647,0

-0.48,1.17,0.38,218658,0

-0.59,1.87,0.58,218670,0

-0.15,1.75,-0.28,218681,0

-0.04,2.07,-0.84,218692,0

0.03,3.16,-1.14,218705,0

0.26,2.76,-1.92,218718,0

-1.36,3.29,-0.29,218741,0

-2.07,4.13,0.46,218754,0

-2.50,4.55,0.48,218766,0

-2.73,5.43,0.28,218777,0

-4.29,6.73,0.59,218788,0

-5.13,8.67,0.45,218800,0

-6.36,10.61,0.85,218811,0

-7.93,11.91,2.82,218822,0

-7.80,14.16,5.66,218833,0

-7.28,14.61,6.57,218846,0

-3.08,13.97,6.37,218858,0

2.52,15.86,3.28,218869,0

-4.84,14.65,1.13,218881,0

-8.75,14.22,0.48,218892,0

-12.20,13.52,0.71,218904,0

-18.57,8.08,0.99,218917,0

-24.94,-0.02,-1.09,218929,0

-16.10,5.24,-2.43,218940,0

-15.50,1.99,-1.00,218955,0

-14.43,7.55,-0.57,218968,0

-13.30,1.99,-0.19,218979,0

-12.57,-0.08,-0.19,218990,0

-12.38,-1.59,-0.63,219001,0

-12.56,-0.66,-0.56,219015,0

-12.79,0.24,-0.43,219026,0

-13.26,1.04,0.05,219037,0

-13.15,0.78,0.20,219048,0

-12.53,0.34,0.43,219060,0

-12.12,1.40,0.96,219071,0

-11.66,2.24,1.26,219082,0

-11.08,2.70,1.51,219095,0

-9.97,4.04,1.64,219107,0

-8.04,4.98,1.83,219119,0

-6.81,5.71,1.86,219130,0

-4.34,7.92,1.79,219142,0

-2.72,8.94,1.68,219154,0

-1.39,9.89,1.74,219169,0

1.34,12.96,2.09,219180,0

2.91,13.34,2.40,219191,0

5.00,12.59,2.25,219203,0

9.07,13.63,1.87,219216,0

12.04,15.48,1.01,219227,0

14.41,15.70,1.23,219239,0

23.10,9.61,-0.90,219250,0

25.79,6.03,-1.47,219260,0

27.68,1.36,-1.92,219272,0

28.79,-1.09,0.49,219283,0

30.63,1.43,1.42,219296,0

33.16,2.97,0.27,219309,0

34.47,-3.20,-0.42,219319,0

31.43,-6.85,-1.35,219330,0

27.45,-8.55,-1.61,219341,0

11.10,3.60,4.89,219355,0

6.34,7.97,5.04,219367,0

-1.62,15.80,-11.88,219381,0

8.41,14.15,-5.47,219394,0

11.13,13.66,-10.87,219407,0

12.93,11.67,-4.46,219419,0

6.14,0.03,3.34,219429,0

4.87,-2.47,3.97,219441,0

-1.23,2.40,-3.07,219453,0

0.08,0.00,-0.50,219465,0

1.54,-1.54,1.87,219476,0

1.01,-2.21,2.87,219488,0

0.29,1.20,-1.11,219499,0

0.38,0.37,-0.04,219510,0

-0.37,-0.11,0.31,219522,0

-0.01,-0.41,0.65,219533,0

0.35,-0.41,0.57,219545,0

0.13,0.22,-0.15,219557,0

0.41,0.65,-0.59,219570,0

0.30,0.84,-0.56,219584,0

0.13,0.05,-0.14,219596,0

0.09,0.04,-0.10,219609,0

-0.23,0.00,0.23,219620,0

-0.18,-0.15,0.48,219630,0

-0.05,-0.45,0.67,219641,0

0.03,-0.43,0.44,219654,0

0.12,-0.35,0.28,219667,0

0.15,-0.02,0.11,219678,0

0.27,-0.02,0.10,219689,0

0.24,-0.16,0.01,219700,0

0.24,-0.16,0.12,219711,0

0.15,-0.20,0.22,219722,0

0.16,-0.09,0.15,219734,0

0.17,-0.03,0.11,219745,0

0.17,0.05,-0.03,219758,0

0.12,-0.12,0.25,219769,0

0.10,0.00,0.12,219781,0

0.27,0.25,-0.15,219792,0

0.24,0.52,-0.40,219807,0

0.06,1.14,-0.41,219820,0

0.09,1.24,-0.42,219831,0

-0.43,1.61,0.02,219841,0

-0.13,0.65,-0.18,219853,0

-0.16,1.78,-0.01,219866,0

-0.57,2.24,0.17,219877,0

-0.21,2.19,-0.41,219889,0

-0.66,3.40,-0.16,219900,0

-0.04,2.41,-1.51,219911,0

0.00,2.89,-1.80,219922,0

-0.29,2.67,-1.59,219933,0

-0.76,3.02,-0.99,219947,0

-2.08,3.30,0.55,219958,0

-2.85,3.51,1.61,219969,0

-2.79,5.31,0.63,219980,0

-3.15,6.23,0.36,219992,0

-3.82,6.20,0.32,220004,0

-4.72,7.23,0.64,220019,0

-7.85,11.71,2.51,220030,0

-7.26,12.70,3.78,220042,0

-4.12,14.73,5.91,220053,0

-0.85,18.36,6.57,220066,0

1.43,15.46,4.62,220078,0

2.48,18.04,3.50,220089,0

-6.60,15.39,0.85,220100,0

-10.76,14.69,0.89,220111,0

-25.76,-0.23,-0.94,220123,0

-15.07,0.78,0.51,220134,0

-9.73,6.28,1.22,220146,0

-14.67,5.00,-2.24,220158,0

-13.62,7.43,-0.71,220170,0

-13.62,4.58,-0.42,220181,0

-12.95,1.22,-0.62,220192,0

-12.80,-0.10,-0.77,220205,0

-12.73,-0.90,-0.92,220220,0

-13.00,-0.51,-0.74,220231,0

-13.12,-0.25,-0.59,220241,0

-13.18,0.33,-0.39,220254,0

-12.76,1.35,0.06,220267,0

-12.23,1.36,0.34,220278,0

-11.07,1.46,1.00,220290,0

-9.77,2.80,1.28,220301,0

-8.87,3.48,1.43,220312,0

-7.86,4.05,1.54,220322,0

-6.64,4.37,1.59,220334,0

-3.98,5.71,1.45,220347,0

-2.33,6.79,1.55,220359,0

0.94,8.29,1.90,220369,0

1.51,8.48,2.52,220381,0

2.05,9.09,3.26,220393,0

2.56,9.26,3.79,220405,0

3.57,9.94,5.08,220418,0

7.41,12.94,5.70,220433,0

11.68,12.69,5.46,220445,0

14.09,11.95,5.16,220457,0

16.67,10.80,4.59,220470,0

24.08,2.71,-0.19,220481,0

25.43,0.90,-1.17,220491,0

26.64,-0.64,-1.10,220504,0

28.10,-2.06,-0.02,220517,0

29.06,-1.37,-0.19,220528,0

30.45,-1.03,-0.28,220539,0

28.46,-3.98,-0.73,220551,0

27.10,-5.12,-1.70,220562,0

24.99,-5.75,-1.81,220573,0

-1.25,-4.65,-5.24,220584,0

4.26,-7.10,-2.14,220597,0

-6.37,16.45,-7.38,220609,0

11.19,11.12,-10.09,220620,0

11.16,13.14,-8.39,220632,0

9.28,18.44,-3.89,220647,0

8.37,2.27,1.17,220659,0

7.10,-2.22,4.53,220670,0

-0.04,6.20,-6.44,220682,0

1.35,0.03,-0.91,220693,0

1.84,-2.74,3.51,220705,0

-0.62,-3.05,3.84,220719,0

0.69,-0.33,0.67,220730,0

0.22,0.17,0.13,220741,0

0.22,0.68,-0.64,220751,0

0.05,-0.14,0.47,220764,0

-0.37,-0.18,0.52,220775,0

-0.08,-0.20,0.53,220786,0

0.03,0.74,-0.50,220798,0

0.40,0.80,-0.61,220810,0

0.13,0.05,-0.08,220821,0

0.09,0.00,0.12,220832,0

0.06,-0.28,0.35,220843,0

0.08,-0.06,0.01,220859,0

0.24,0.20,-0.01,220870,0

0.08,-0.20,0.33,220881,0

0.23,-0.08,0.22,220892,0

0.21,0.07,-0.08,220903,0

0.23,0.08,-0.08,220916,0

0.24,0.16,-0.08,220928,0

0.12,-0.14,0.11,220939,0

0.02,-0.24,0.20,220950,0

0.04,-0.23,0.22,220961,0

0.12,-0.16,0.25,220972,0

0.15,-0.14,0.20,220983,0

0.05,-0.31,0.38,220995,0

-0.08,-0.32,0.47,221007,0

0.01,-0.10,0.28,221020,0

0.38,0.27,-0.33,221031,0

0.37,0.89,-0.80,221042,0

0.35,0.91,-0.81,221053,0

0.30,1.26,-0.58,221069,0

0.00,1.01,-0.25,221080,0

-0.05,1.10,-0.23,221091,0

-0.11,1.53,-0.19,221103,0

-0.27,1.29,-0.24,221116,0

-0.22,2.03,-0.26,221126,0

-0.15,1.79,-0.50,221138,0

-0.04,2.31,-1.35,221150,0

-0.15,2.46,-1.41,221161,0

-0.34,2.27,-1.17,221172,0

-0.86,2.73,-0.26,221182,0

-1.44,2.87,0.44,221196,0

-2.23,3.16,1.08,221208,0

-2.38,5.11,0.43,221220,0

-2.79,5.99,0.24,221232,0

-3.48,6.82,0.27,221242,0

-4.86,8.50,0.47,221254,0

-6.01,11.27,1.09,221267,0

-8.09,12.47,3.18,221282,0

-5.83,15.31,5.20,221294,0

-3.22,16.09,4.72,221306,0

-1.18,19.25,4.25,221319,0

-3.25,14.34,1.33,221330,0

-5.43,13.48,1.18,221341,0

-8.35,14.83,0.50,221352,0

-21.63,7.56,0.22,221365,0

-27.32,-1.87,-0.52,221376,0

-19.84,-0.47,0.66,221387,0

-18.88,4.26,-2.75,221400,0

-16.33,8.16,-1.03,221410,0

-16.22,9.46,-1.01,221421,0

-14.40,3.98,-1.07,221432,0

-13.33,1.61,-1.10,221445,0

-12.76,-0.48,-1.43,221457,0

-12.92,0.20,-1.38,221469,0

-13.24,1.50,-0.98,221484,0

-13.29,1.39,-0.74,221497,0

-12.92,1.21,-0.64,221509,0

-11.98,0.95,-0.47,221520,0

-11.45,2.18,-0.07,221532,0

-11.01,2.84,0.09,221543,0

-10.46,3.83,0.14,221555,0

-9.76,4.93,0.23,221568,0

-7.75,6.87,0.03,221579,0

-4.52,8.99,-0.21,221590,0

-1.00,11.51,-0.45,221601,0

1.62,11.75,-0.60,221613,0

3.64,11.50,-0.39,221624,0

5.69,10.98,0.03,221635,0

9.78,12.82,0.63,221647,0

12.95,14.76,0.02,221660,0

21.20,11.15,2.86,221671,0

23.24,9.83,3.15,221682,0

25.02,8.03,2.86,221698,0

26.52,4.62,2.07,221710,0

26.89,2.29,2.25,221721,0

28.22,3.16,3.02,221732,0

32.28,1.30,3.38,221743,0

33.23,-0.17,1.93,221756,0

32.53,-2.82,1.05,221768,0

30.23,-5.73,0.93,221779,0

-3.33,-22.22,-5.89,221791,0

8.28,7.91,-4.63,221802,0

-2.97,9.29,-1.00,221813,0

9.80,9.02,-4.82,221825,0

14.57,13.21,-5.88,221836,0

10.27,8.84,-6.07,221848,0

5.14,-2.08,4.76,221860,0

4.47,0.42,0.32,221872,0

-1.03,0.18,-0.72,221882,0

1.37,-1.58,1.45,221894,0

1.83,-1.89,2.43,221910,0

-0.03,1.09,-0.87,221921,0

0.46,0.81,-0.35,221932,0

0.08,0.11,0.15,221943,0

0.11,0.08,-0.10,221956,0

0.02,-0.34,0.55,221968,0

0.12,0.72,-0.50,221979,0

0.09,0.59,-0.49,221990,0

0.03,0.59,-0.47,222002,0

0.00,0.81,-0.55,222012,0

-0.12,0.28,-0.23,222023,0

-0.21,0.02,0.15,222034,0

-0.31,-0.32,0.44,222047,0

-0.06,-0.25,0.36,222059,0

0.48,-0.13,0.10,222070,0

0.33,-0.01,0.22,222082,0

0.14,-0.10,0.44,222093,0

0.16,-0.51,0.31,222105,0

0.36,0.04,-0.06,222136,0

0.34,0.00,-0.02,222149,0

0.06,-0.45,0.46,222160,0

0.12,-0.30,0.33,222172,0

0.11,-0.15,0.27,222183,0

0.14,-0.11,0.23,222194,0

0.02,-0.12,0.28,222206,0

0.13,0.24,-0.04,222220,0

0.28,0.60,-0.35,222230,0

0.24,1.43,-0.67,222241,0

0.30,1.28,-0.98,222253,0

0.23,1.40,-0.80,222265,0

-0.26,1.27,-0.06,222276,0

-0.47,1.55,0.36,222287,0

-1.04,2.10,0.96,222300,0

-0.50,1.09,0.48,222311,0

-0.35,1.54,0.23,222322,0

-0.42,2.06,0.01,222332,0

-0.10,2.07,-0.90,222349,0

-0.23,2.58,-1.50,222360,0

-0.48,3.49,-1.50,222371,0

-1.52,3.92,-0.17,222383,0

-2.10,4.43,0.26,222395,0

-2.49,4.66,0.33,222407,0

-2.63,6.68,-0.15,222419,0

-4.70,7.49,0.52,222431,0

-5.59,9.72,1.11,222442,0

-7.20,12.64,2.88,222454,0

-8.32,12.06,3.91,222467,0

-6.93,13.18,4.91,222478,0

-1.10,17.33,4.86,222489,0

1.64,19.74,3.59,222500,0

-0.23,15.90,2.92,222512,0

-5.66,16.24,2.29,222523,0

-12.18,18.37,1.16,222534,0

-20.82,6.40,0.35,222546,0

-8.95,5.37,0.81,222561,0

-16.41,8.06,-2.16,222572,0

-16.51,3.31,-0.71,222583,0

-15.19,9.03,-0.58,222597,0

-14.72,5.44,-0.57,222609,0

-13.06,0.78,-1.08,222620,0

-13.00,0.29,-1.21,222631,0

-12.93,0.46,-1.09,222643,0

-12.96,0.90,-1.03,222655,0

-12.97,1.33,-0.60,222667,0

-12.80,1.20,-0.36,222679,0

-12.48,0.83,0.08,222691,0

-12.16,1.42,0.62,222701,0

-11.61,1.61,0.96,222712,0

-10.93,1.93,1.18,222724,0

-9.75,3.39,1.33,222735,0

-8.91,4.19,1.33,222747,0

-6.43,5.69,1.15,222763,0

-3.88,7.33,1.04,222774,0

-2.42,8.51,1.15,222784,0

-0.71,9.76,1.26,222797,0

2.22,12.12,1.65,222810,0

6.29,10.85,2.29,222821,0

7.82,11.07,3.16,222832,0

12.54,14.95,2.78,222843,0

15.10,14.12,4.66,222856,0

18.49,12.76,4.29,222868,0

22.92,7.16,3.84,222879,0

24.90,2.53,1.70,222891,0

25.45,2.32,1.61,222902,0

27.60,2.38,2.99,222913,0

30.93,2.47,2.85,222924,0

34.65,1.81,1.50,222936,0

37.11,-1.65,-0.82,222948,0

34.96,-5.78,-1.33,222960,0

20.54,-4.59,0.74,222974,0

-10.78,-27.72,-5.32,222986,0

-0.13,0.67,1.68,222998,0

-4.84,16.49,-10.41,223010,0

15.36,15.85,-7.72,223022,0

7.99,7.51,-5.84,223033,0

8.05,6.52,-1.73,223044,0

7.89,-1.77,4.49,223056,0

2.58,2.95,-2.32,223069,0

-2.38,1.80,-2.93,223080,0

0.87,-2.58,3.34,223091,0

-0.51,-1.88,2.26,223102,0

-0.99,0.03,-0.02,223115,0

1.03,0.61,-0.33,223126,0

0.62,0.37,-0.34,223136,0

-0.14,-0.11,0.14,223150,0

0.38,0.89,-0.89,223161,0

0.09,0.61,-0.55,223172,0

0.08,0.55,-0.45,223186,0

0.21,0.81,-0.65,223199,0

0.10,1.01,-1.00,223210,0

-0.40,-0.22,0.51,223221,0

-0.23,-0.63,0.69,223233,0

-0.02,-0.68,0.82,223244,0

-0.08,-0.15,0.80,223256,0

0.10,-0.01,0.23,223269,0

0.26,-0.14,0.30,223281,0

0.30,-0.06,0.33,223292,0

0.13,-0.29,0.32,223303,0

0.12,-0.26,0.31,223314,0

0.35,0.11,0.04,223326,0

0.45,0.20,-0.30,223337,0

0.45,0.12,-0.33,223349,0

0.41,0.12,-0.35,223361,0

0.13,0.02,0.11,223372,0

0.03,0.05,0.20,223383,0

0.00,0.31,0.23,223398,0

0.11,0.13,-0.02,223411,0

0.25,0.29,-0.19,223422,0

0.07,0.48,0.05,223433,0

0.02,0.45,0.02,223443,0

-0.15,0.76,0.11,223457,0

-0.66,1.22,0.83,223469,0

-0.61,0.19,1.03,223480,0

-0.56,0.08,1.19,223492,0

-0.82,0.28,1.33,223503,0

-0.47,1.11,0.55,223514,0

-0.33,1.68,-0.22,223525,0

-0.10,2.10,-0.79,223537,0

0.44,3.12,-2.15,223549,0

0.26,3.10,-2.34,223560,0

-0.97,4.10,-1.28,223571,0

-1.97,4.13,0.46,223583,0

-2.33,4.50,0.55,223595,0

-2.64,5.60,0.36,223607,0

-3.90,8.46,-0.25,223622,0

-4.78,8.70,0.06,223633,0

-5.51,9.79,0.21,223645,0

-6.90,13.80,2.60,223657,0

-7.39,13.00,3.64,223670,0

-0.07,14.73,3.68,223681,0

3.88,18.27,4.71,223692,0

-0.02,15.91,3.06,223704,0

-0.98,13.43,3.09,223716,0

-8.60,17.34,2.40,223727,0

-15.34,14.40,1.60,223738,0

-21.32,4.61,1.17,223751,0

-9.56,5.09,0.65,223762,0

-17.66,5.57,-2.39,223773,0

-17.13,2.29,-0.79,223783,0

-15.73,8.10,-1.07,223797,0

-14.87,4.99,-0.80,223809,0

-12.32,0.00,-1.08,223823,0

-11.97,-0.68,-1.24,223835,0

-11.78,-0.25,-1.12,223848,0

-11.75,0.56,-0.99,223860,0

-11.95,1.19,0.06,223872,0

-11.78,0.89,0.42,223883,0

-11.40,1.02,1.07,223894,0

-11.21,0.96,1.43,223906,0

-11.02,1.54,1.94,223919,0

-10.76,2.55,2.35,223930,0

-9.29,4.77,3.05,223941,0

-8.19,5.19,3.05,223952,0

-5.88,6.87,3.00,223964,0

-4.22,8.34,2.88,223975,0

-2.49,9.52,2.79,223986,0

-0.78,10.55,2.57,223998,0

2.62,10.83,2.27,224011,0

4.91,10.18,2.78,224022,0

8.39,14.29,2.60,224036,0

10.43,15.47,2.61,224049,0

13.03,14.97,3.65,224061,0

21.65,8.31,1.27,224072,0

24.35,5.24,0.12,224083,0

26.22,3.48,-0.90,224095,0

27.77,2.71,0.03,224107,0

29.54,3.34,0.84,224120,0

35.87,2.41,-1.16,224132,0

36.34,-4.01,-2.14,224143,0

33.44,-6.55,-2.39,224154,0

29.48,-6.67,-2.41,224165,0

23.00,13.66,11.25,224177,0

-8.76,-19.79,-6.41,224188,0

2.79,3.00,0.20,224200,0

8.89,12.89,-8.02,224211,0

11.87,13.33,-9.54,224223,0

9.86,10.37,-6.32,224234,0

7.08,6.57,-2.92,224250,0

4.69,0.86,0.54,224262,0

-1.68,3.46,-3.92,224273,0

1.74,-0.32,-0.03,224283,0

2.08,-1.57,2.03,224295,0

-0.70,-2.80,3.32,224309,0

0.75,0.89,-0.83,224321,0

-0.08,0.57,-0.14,224332,0

0.16,1.00,-0.87,224343,0

0.07,-0.69,0.72,224355,0

-0.12,-0.12,0.33,224367,0

0.20,0.66,-0.50,224378,0

0.51,0.91,-0.85,224390,0

0.13,0.18,-0.15,224401,0

0.02,0.01,-0.13,224412,0

0.13,0.22,-0.20,224423,0

-0.03,0.32,-0.08,224435,0

-0.12,0.11,0.14,224447,0

0.04,-0.24,0.40,224461,0

0.06,-0.25,0.33,224473,0

0.01,-0.25,0.49,224484,0

0.14,-0.03,0.08,224495,0

0.08,-0.46,0.35,224508,0

0.29,-0.06,0.09,224521,0

0.04,-0.33,0.45,224532,0

0.07,-0.38,0.48,224543,0

0.18,-0.39,0.36,224553,0

0.08,-0.26,0.24,224566,0

0.04,-0.11,0.16,224576,0

0.15,0.36,-0.21,224587,0

0.23,0.43,-0.36,224601,0

0.25,1.06,-0.55,224612,0

0.35,1.36,-0.73,224622,0

0.27,1.27,-0.59,224633,0

-0.09,1.85,-0.22,224645,0

-0.11,1.31,-0.34,224658,0

-0.50,1.80,0.48,224672,0

-0.37,0.77,0.16,224684,0

-0.55,1.19,0.22,224695,0

-0.61,2.05,0.45,224707,0

-0.68,1.73,0.00,224719,0

-0.54,1.71,-0.20,224731,0

0.08,3.03,-1.91,224742,0

-0.16,2.87,-1.94,224753,0

-0.94,3.47,-1.25,224764,0

-2.09,3.90,0.65,224776,0

-2.76,4.56,1.28,224787,0

-2.99,5.28,1.22,224799,0

-3.25,5.54,0.85,224812,0

-5.38,9.30,1.86,224823,0

-6.58,10.10,1.80,224834,0

-6.86,12.74,3.43,224844,0

-6.99,14.77,5.60,224858,0

-5.14,13.98,6.66,224870,0

2.77,15.12,3.93,224884,0

-0.41,18.30,3.63,224898,0

-4.15,14.20,2.27,224910,0

-10.32,14.47,1.35,224922,0

-20.34,6.16,0.54,224932,0

-25.52,1.32,-1.00,224944,0

-11.59,7.12,-0.47,224956,0

-14.73,3.12,-1.82,224969,0

-13.59,4.02,-0.32,224979,0

-13.91,6.21,0.20,224992,0

-13.19,2.22,0.04,225003,0

-12.71,0.39,0.04,225014,0

-12.76,-1.63,-0.41,225026,0

-12.85,-1.40,-0.48,225036,0

-13.12,-0.90,-0.59,225049,0

-13.62,0.64,-0.53,225061,0

-13.31,0.84,-0.36,225072,0

-12.84,0.53,-0.31,225087,0

-12.10,0.66,-0.09,225099,0

-11.53,0.90,0.05,225112,0

-10.51,3.54,0.75,225123,0

-9.92,4.48,1.14,225133,0

-9.10,5.30,1.43,225144,0

-8.10,6.61,1.84,225158,0

-5.16,9.24,2.85,225170,0

-3.39,9.24,3.06,225181,0

-1.21,11.27,3.58,225192,0

1.37,11.70,4.49,225204,0

2.70,12.23,5.09,225215,0

4.96,14.23,5.76,225226,0

11.61,17.07,4.09,225238,0

14.80,17.44,4.74,225251,0

22.09,12.78,2.12,225262,0

26.36,7.73,-2.66,225273,0

27.99,4.30,-4.94,225285,0

28.92,0.65,-5.49,225300,0

30.12,-2.63,-2.52,225311,0

35.69,1.09,-0.07,225323,0

36.85,2.15,0.93,225334,0

31.96,-3.86,0.38,225345,0

34.14,-4.00,3.95,225358,0

23.48,-27.01,-8.06,225371,0

-2.72,18.20,-15.98,225382,0

-5.17,5.98,-4.64,225393,0

9.08,12.50,-6.68,225404,0

10.70,10.93,-6.43,225417,0

7.56,5.37,-1.48,225428,0

7.66,0.78,1.53,225438,0

3.29,0.74,0.12,225451,0

-0.93,0.47,-1.02,225462,0

1.89,-0.76,0.56,225473,0

-0.42,-1.62,2.23,225484,0

-0.59,-0.04,0.16,225497,0

-0.11,0.57,-0.24,225521,0

-0.18,0.24,-0.06,225532,0

0.29,-0.46,0.62,225544,0

0.22,0.65,-0.60,225555,0

0.54,0.73,-0.66,225567,0

0.30,0.16,-0.13,225577,0

0.23,0.45,-0.35,225589,0

0.09,-0.05,0.03,225601,0

-0.01,0.24,-0.18,225612,0

-0.03,0.24,-0.02,225624,0

0.07,0.01,0.11,225635,1

0.12,-0.18,0.35,225646,1

0.10,-0.40,0.47,225658,1

0.08,-0.45,0.54,225672,1

0.10,-0.42,0.41,225682,1

0.12,-0.12,-0.02,225693,1

0.21,-0.08,-0.08,225704,1

0.25,0.15,-0.21,225717,1

0.09,-0.19,0.33,225732,1

0.10,0.01,0.10,225742,1

0.21,0.08,-0.10,225754,1

0.12,0.04,-0.02,225766,1

0.15,0.22,-0.12,225777,1

0.24,0.18,-0.13,225787,1

0.32,0.54,-0.44,225801,1

0.39,0.70,-0.69,225812,1

0.19,1.23,-0.52,225823,1

0.00,1.27,-0.43,225835,2

0.16,1.36,-0.34,225845,2

-0.16,1.49,-0.01,225858,2

-0.28,0.72,0.24,225870,2

-0.10,1.14,0.19,225882,2

-0.55,0.83,0.47,225893,2

-0.25,1.66,-0.26,225904,2

-0.32,2.30,-0.28,225915,2

-0.31,2.55,-0.97,225927,2

-0.27,2.50,-1.08,225941,2

-0.94,3.24,-0.79,225952,2

-1.42,3.10,-0.06,225964,2

-2.15,4.02,0.80,225975,2

-2.26,4.58,0.75,225986,2

-2.60,5.29,0.33,225998,2

-2.80,6.03,0.13,226012,2

-5.40,9.06,1.31,226023,2

-6.85,11.60,2.22,226033,2

-7.76,12.26,4.61,226044,2

-6.83,13.80,4.90,226057,2

-5.08,17.43,5.22,226070,2

-1.17,17.49,4.83,226081,2

-0.43,15.52,2.46,226093,2

-3.59,12.72,1.32,226104,2

-9.22,14.84,0.53,226115,2

-17.51,11.57,0.23,226125,2

-22.66,3.56,-0.59,226137,2

-29.91,-2.18,-0.46,226152,2

-17.00,1.50,-1.66,226163,2

-15.16,3.79,-0.71,226174,2

-14.34,7.05,-0.54,226186,2

-13.78,4.30,-0.44,226198,2

-13.09,2.51,-0.54,226211,2

-12.16,-1.07,-0.62,226223,2

-12.27,-0.46,-0.56,226234,2

-12.55,0.28,-0.39,226245,2

-13.05,1.56,-0.06,226257,2

-12.93,1.73,0.19,226270,2

-12.62,1.33,0.43,226281,2

-11.94,1.86,1.13,226292,2

-11.58,2.43,1.34,226304,2

-11.09,3.11,1.71,226315,2

-10.18,4.68,1.97,226326,2

-9.39,5.25,1.97,226337,2

-8.51,5.87,1.92,226352,2

-4.80,10.00,1.49,226363,2

-3.13,10.72,1.34,226374,2

-1.38,11.49,0.69,226385,2

1.47,12.12,0.49,226398,2

3.07,11.88,0.46,226411,2

4.51,12.40,0.82,226422,2

13.31,15.55,-0.12,226434,2

17.31,14.86,0.23,226445,2

20.79,13.22,-0.15,226457,2

25.56,9.96,0.03,226469,2

27.57,6.84,-0.16,226481,2

29.47,-0.15,-0.03,226493,2

33.08,1.05,-0.43,226503,2

36.76,0.74,-2.34,226514,2

38.21,-1.18,-2.19,226526,2

34.03,-4.53,0.52,226537,2

29.40,-6.04,0.54,226549,2

21.80,-2.97,1.80,226565,2

2.01,12.59,6.28,226576,2

-11.72,-11.32,0.16,226586,2

-3.27,-0.52,-3.76,226599,2

6.10,16.47,-10.31,226612,2

9.44,10.72,-4.56,226623,2

5.83,6.17,-4.75,226634,2

8.29,-0.62,5.12,226646,2

6.76,-5.32,7.15,226658,2

2.42,1.31,-0.67,226670,2

-0.65,1.42,-2.28,226681,2

1.40,-3.28,4.22,226693,2

-0.28,-2.24,2.45,226704,2

0.71,1.34,-1.17,226715,2

1.15,0.26,-0.05,226726,2

0.29,0.53,-0.45,226738,2

0.02,-0.65,0.77,226750,2

0.02,-0.24,0.40,226762,2

0.42,1.06,-0.99,226777,2

0.31,0.59,-0.54,226788,2

0.21,0.73,-0.47,226800,2

0.15,0.54,-0.54,226812,2

-0.02,0.05,-0.03,226824,2

-0.18,0.05,0.14,226834,2

-0.21,-0.33,0.57,226845,2

-0.07,-0.58,0.65,226859,2

0.02,-0.51,0.58,226871,2

0.12,-0.38,0.51,226882,2

0.20,-0.10,0.02,226893,2

0.21,-0.29,0.12,226905,2

0.32,0.09,-0.08,226916,2

0.26,-0.14,0.15,226927,2

0.18,-0.07,0.14,226937,2

0.19,-0.06,0.10,226951,2

0.19,-0.02,0.01,226962,2

0.07,0.04,0.05,226973,2

0.12,-0.04,0.10,226988,2

0.29,0.29,-0.34,227001,2

0.41,0.39,-0.53,227012,2

0.35,0.39,-0.38,227023,2

0.17,0.47,-0.15,227035,2

0.06,0.58,-0.04,227046,2

-0.09,0.79,0.00,227058,2

-0.16,0.47,0.32,227070,2

-0.14,0.48,0.37,227083,2

-0.40,1.68,0.29,227093,2

-0.01,1.28,-0.15,227104,2

-0.72,3.16,0.28,227116,2

0.01,1.45,-0.45,227127,2

0.14,2.49,-1.30,227138,2

0.07,3.21,-1.29,227150,2

-0.16,2.89,-1.73,227163,2

-1.43,2.95,0.36,227174,2

-1.75,3.12,0.57,227185,2

-1.98,3.25,0.57,227201,2

-2.35,4.58,0.45,227213,2

-3.26,6.44,0.58,227224,2

-4.05,6.92,0.52,227235,2

-5.40,10.09,0.65,227246,2

-7.01,12.08,0.73,227259,2

-7.84,12.18,1.50,227271,2

-6.86,12.50,5.54,227282,2

0.10,15.77,5.28,227294,2

0.84,13.69,2.35,227305,2

-0.87,14.18,2.88,227316,2

-4.03,11.89,1.38,227328,2

-6.16,13.26,1.97,227339,2

-16.45,7.82,0.86,227352,2

-29.54,-4.48,-0.94,227363,2

-7.98,-0.02,1.62,227375,2

-17.05,2.96,-1.66,227386,2

-15.37,2.99,-0.65,227397,2

-14.59,6.55,-1.17,227412,2

-12.32,1.52,-1.11,227424,2

-11.65,0.01,-1.04,227435,2

-11.45,-1.11,-1.25,227446,2

-11.72,-0.74,-1.33,227459,2

-11.91,-0.21,-1.13,227472,2

-12.18,0.12,-0.95,227483,2

-12.47,0.67,-0.22,227494,2

-12.26,0.56,0.04,227505,2

-11.95,0.34,0.51,227517,2

-11.81,1.61,1.54,227528,2

-11.42,2.49,1.87,227539,2

-10.92,3.27,2.14,227552,2

-8.53,5.27,2.65,227563,2

-7.09,6.01,2.74,227574,2

-5.48,7.15,2.87,227586,1

-2.15,9.50,2.94,227598,1

-0.60,10.07,2.88,227613,1

3.79,12.61,4.05,227623,1

5.20,13.04,4.69,227635,1

7.56,14.65,5.07,227646,1

11.57,15.77,3.57,227659,1

16.84,15.13,5.65,227672,1

20.41,13.94,4.04,227683,1

26.16,8.11,0.38,227694,1

28.03,-0.85,-2.34,227705,1

27.86,-3.56,-2.03,227717,1

28.02,-2.44,-1.25,227728,1

30.26,0.79,-0.92,227739,1

30.63,-0.99,-0.21,227752,1

27.57,-5.97,0.07,227764,1

21.86,-4.26,-1.09,227775,1

18.22,-1.79,-0.01,227785,0

27.38,-3.98,3.46,227798,0

8.10,8.00,-7.44,227811,0

-2.08,12.56,-9.22,227825,0

3.41,7.01,-6.69,227836,0

10.31,8.14,-5.10,227849,0

9.14,4.97,-2.45,227861,0

7.72,-4.99,6.68,227873,0

-2.08,1.90,-2.87,227885,0

1.00,-0.12,-0.61,227896,0

1.75,-1.83,1.85,227907,0

-1.31,-1.80,2.38,227920,0

0.00,-0.81,0.96,227931,0

0.20,-1.14,1.37,227943,0

0.37,0.70,-0.71,227954,0

0.06,-0.14,0.16,227965,0

-0.05,-0.34,0.47,227976,0

0.37,0.78,-0.64,227987,0

0.38,0.91,-0.75,228000,0

0.24,0.27,-0.10,228013,0

0.41,0.48,-0.50,228024,0

0.00,-0.06,0.06,228038,0

-0.02,0.01,0.02,228050,0

-0.16,-0.42,0.50,228063,0

-0.35,-0.63,0.97,228074,0

0.01,-0.35,0.50,228085,1

0.04,-0.15,0.26,228097,1

0.17,-0.18,-0.01,228109,1

0.15,0.22,-0.07,228122,1

0.18,0.02,0.00,228133,1

0.08,-0.13,0.20,228144,1

0.24,-0.03,-0.02,228155,1

0.28,0.08,-0.03,228166,1

0.26,-0.01,0.03,228177,1

0.13,-0.12,0.17,228189,2

0.12,0.00,0.08,228201,2

0.12,0.12,-0.03,228213,2

0.26,0.32,-0.25,228225,2

0.26,0.40,-0.30,228235,2

0.32,0.51,-0.44,228251,2

0.31,0.80,-0.58,228263,2

0.31,0.65,-0.27,228274,2

0.03,0.60,-0.07,228285,2

0.02,0.46,0.18,228296,2

-0.27,0.49,0.59,228310,2

-0.27,-0.27,0.63,228322,2

-0.28,0.03,0.68,228333,2

-0.17,1.83,-0.07,228344,2

0.02,1.26,-0.53,228356,2

0.41,2.34,-1.59,228366,2

0.56,2.68,-1.73,228377,2

0.30,2.53,-1.61,228388,2

-0.08,1.59,-1.07,228401,2

-1.07,1.91,0.44,228413,2

-1.83,1.62,1.38,228424,2

-1.80,3.70,0.95,228435,2

-2.14,4.58,0.67,228447,2

-2.38,5.13,0.38,228462,2

-3.99,7.86,0.38,228474,2

-4.92,8.74,0.50,228485,2

-6.06,11.85,1.19,228496,2

-6.20,12.77,1.39,228508,2

-6.83,9.74,6.93,228521,2

-3.37,9.46,6.09,228533,2

2.19,10.86,1.02,228544,2

0.84,11.83,3.17,228555,2

-3.31,9.91,2.15,228567,2

-4.49,8.61,2.74,228577,2

-11.64,3.88,1.35,228588,2

-19.01,-2.09,-0.14,228601,2

-21.84,-5.09,-0.70,228614,2

-15.15,1.37,-0.72,228624,2

-13.71,1.14,0.52,228635,2

-12.85,2.33,-0.17,228646,2

-11.39,-0.15,-0.19,228660,2

-10.62,-1.68,-0.26,228674,2

-10.76,-1.73,-0.34,228685,2

-10.89,-1.40,-0.19,228697,2

-11.07,-1.08,-0.16,228709,2

-11.23,-0.94,-0.01,228721,2

-11.38,-0.66,0.33,228732,2

-11.33,-0.58,0.71,228744,2

-11.24,0.04,1.12,228755,2

-11.05,0.23,1.39,228766,2

-10.66,0.81,1.55,228777,2

-10.10,1.78,1.58,228789,2

-8.72,3.84,1.55,228801,2

-7.34,4.54,1.32,228813,2

-1.90,6.07,1.06,228825,2

-0.42,5.94,0.89,228836,2

0.15,6.35,0.88,228846,2

0.84,8.74,1.20,228859,2

7.91,9.11,3.60,228893,2

12.23,12.03,3.31,228904,2

13.20,12.64,2.28,228916,2

13.41,10.01,2.47,228927,2

13.97,3.68,0.52,228938,2

14.06,2.50,-0.29,228951,2

13.98,2.53,-0.32,228963,2

13.65,3.02,2.74,228974,2

15.36,2.80,2.94,228985,2

18.66,2.06,1.85,228997,2

24.04,-2.19,-2.58,229009,2

24.48,-3.44,-4.86,229022,2

23.24,-4.64,-6.30,229032,2

15.95,-5.46,-4.06,229044,2

13.38,-3.48,-2.47,229055,2

9.10,-1.86,-0.23,229066,2

-4.00,-12.03,-5.32,229078,2

2.44,-7.72,4.83,229089,2

1.82,18.38,-7.77,229104,2

8.17,11.37,-5.92,229115,2

9.32,8.07,-5.64,229127,2

8.64,1.56,1.72,229137,2

6.00,2.89,-2.17,229150,2

0.19,7.04,-6.81,229163,2

1.12,-1.10,1.44,229175,2

-1.55,-2.54,3.09,229185,2

-1.68,-1.14,1.65,229196,2

-0.11,-1.32,1.38,229209,2

0.49,0.75,-0.74,229222,2

0.49,-0.22,0.14,229233,2

-0.02,-0.51,0.58,229244,2

0.65,0.63,-0.82,229256,2

0.39,0.65,-0.74,229266,2

0.46,0.67,-0.68,229277,2

0.17,0.00,0.14,229288,2

0.11,-0.01,0.14,229301,2

-0.07,-0.29,0.44,229316,2

0.11,-0.15,0.28,229327,2

0.05,-0.04,0.22,229338,2

0.06,-0.19,0.38,229351,2

0.13,-0.16,0.19,229363,2

0.24,-0.11,0.09,229374,2

0.24,-0.05,0.09,229386,2

0.09,-0.15,0.26,229397,2

0.07,-0.16,0.19,229408,2

0.07,-0.12,0.17,229421,2

0.09,-0.08,0.21,229432,2

0.15,-0.01,0.14,229443,2

0.23,0.01,-0.10,229454,2

0.24,-0.05,-0.03,229466,2

0.17,-0.13,0.11,229477,2

0.13,-0.12,0.16,229488,2

0.10,-0.22,0.31,229500,2

0.10,-0.21,0.22,229513,2

0.18,-0.03,0.08,229528,2

0.11,-0.01,0.08,229538,2

0.15,-0.05,0.05,229550,2

0.18,-0.07,-0.03,229563,2

0.15,-0.13,0.06,229574,2

0.13,-0.05,0.07,229585,2

0.23,0.33,-0.32,229597,2

0.11,0.28,-0.23,229609,2

0.06,0.18,-0.08,229621,2

0.18,0.21,-0.10,229633,2

0.22,0.12,-0.06,229644,2

0.17,-0.13,0.14,229655,2

0.09,-0.06,0.19,229666,2

0.01,-0.27,0.45,229677,2

0.00,-0.20,0.42,229688,2

0.00,-0.15,0.39,229700,2

-0.08,-0.55,0.52,229713,2

0.27,-0.05,-0.09,229725,2

0.27,0.20,-0.31,229736,2

0.20,0.29,-0.30,229751,2

0.26,0.23,-0.40,229764,2

0.11,-0.16,0.16,229775,2

0.26,-0.06,0.10,229786,2

0.22,-0.13,0.19,229797,2

0.20,-0.24,0.23,229810,2

0.13,-0.09,0.23,229822,2

0.14,-0.05,0.19,229833,2

0.05,-0.01,0.07,229844,2

0.16,0.19,-0.26,229856,2

0.26,0.33,-0.40,229867,2

0.28,0.34,-0.36,229878,2

0.13,0.10,0.01,229889,2

0.07,-0.05,0.12,229902,2

-0.01,-0.33,0.32,229914,2

-0.04,-0.18,0.28,229925,2

0.04,-0.10,0.21,229936,2

0.06,-0.01,0.12,229947,2

0.15,0.07,-0.07,229963,2

0.24,0.08,-0.03,229975,2

0.19,0.00,0.04,229986,2

0.13,-0.09,0.14,229997,2

0.01,-0.20,0.18,230008,2

0.01,-0.23,0.32,230021,2

0.14,-0.13,0.21,230032,2

0.13,-0.11,0.25,230043,2

-0.02,-0.03,0.01,230054,2

0.05,-0.01,0.04,230066,2

0.12,0.06,0.00,230077,2

0.17,0.03,-0.01,230088,3

0.13,-0.04,0.03,230099,3

0.10,-0.09,0.02,230112,3

0.09,-0.10,0.13,230124,3

0.15,-0.04,0.11,230135,3

0.15,0.00,0.04,230147,3

0.14,-0.02,-0.03,230157,3

0.17,-0.01,0.05,230173,3

0.18,0.00,0.07,230184,3

0.15,0.00,0.05,230196,3

0.13,0.01,-0.05,230207,3

0.11,0.04,-0.05,230218,3

0.04,-0.05,0.09,230230,3

-0.19,-0.14,0.25,230241,3

-0.04,-0.18,0.27,230253,3

0.14,-0.01,-0.06,230264,3

0.16,-0.01,0.08,230276,3

0.15,0.00,0.09,230287,3

0.07,-0.01,0.06,230298,3

0.01,-0.15,0.12,230309,3

0.10,-0.04,0.06,230322,3

0.17,-0.02,0.05,230334,3

0.16,-0.07,0.12,230345,3

0.13,-0.08,0.02,230355,3

0.11,-0.05,0.08,230367,3

0.12,-0.01,0.07,230378,3

0.12,-0.02,0.10,230393,3

0.10,-0.06,0.03,230405,3

0.09,-0.11,0.13,230416,3

0.13,-0.09,0.14,230427,3

0.14,-0.05,0.12,230438,3

-0.04,0.00,0.05,230451,3

-0.05,-0.06,0.06,230464,3

0.08,-0.01,0.05,230475,3

0.11,0.01,0.07,230487,3

0.13,0.01,0.05,230498,3

0.03,0.11,-0.12,230509,3

0.02,-0.05,0.11,230521,3

0.11,-0.10,0.22,230533,3

0.16,-0.07,0.13,230544,3

0.13,-0.05,0.00,230555,3

0.16,-0.02,0.04,230566,3

0.16,-0.05,0.09,230577,3

0.18,0.00,0.07,230588,3

0.16,0.00,0.02,230604,3

0.10,-0.03,0.02,230616,3

0.12,-0.04,0.10,230626,3

0.12,-0.07,0.10,230637,3

0.12,-0.04,0.15,230648,3

0.10,-0.05,0.04,230661,3

0.02,-0.07,0.09,230674,3

0.04,-0.02,0.12,230685,3

0.11,0.00,0.00,230696,3

0.11,-0.04,-0.04,230707,3

0.13,-0.02,0.00,230718,3

0.05,-0.09,0.13,230729,3

0.06,-0.12,0.19,230743,3

0.09,-0.04,0.11,230754,3

0.15,0.00,0.01,230765,3

0.10,-0.03,0.07,230776,3

0.13,-0.03,0.08,230788,3

0.12,-0.02,0.00,230799,3

0.11,0.00,-0.02,230814,3

0.09,0.01,0.06,230825,3

0.03,-0.05,0.17,230837,3

0.05,-0.05,0.12,230848,3

0.13,-0.03,-0.01,230859,3

0.08,-0.03,0.08,230873,3

0.04,-0.05,0.13,230884,3

0.08,-0.03,0.10,230895,3

0.12,-0.02,-0.02,230906,3

0.11,-0.04,0.06,230918,3

0.07,-0.05,0.12,230929,3

0.06,-0.03,0.13,230941,3

0.07,-0.04,0.11,230953,3

0.10,-0.05,0.05,230965,3

0.08,-0.05,0.10,230976,3

0.07,-0.06,0.13,230987,3

0.11,-0.08,0.12,230999,3

0.06,-0.03,0.00,231012,3

0.05,-0.01,0.07,231026,3

0.07,-0.04,0.13,231037,3

0.11,-0.01,0.00,231049,3

0.13,-0.04,0.00,231061,3

0.10,-0.04,0.02,231073,3

0.10,-0.02,0.03,231085,3

0.11,0.00,0.06,231096,3

0.09,-0.06,0.01,231107,3

0.08,-0.03,0.05,231118,3

0.08,-0.03,0.06,231130,3

0.10,-0.08,0.15,231143,3

0.05,-0.04,0.15,231154,3

0.09,-0.04,0.05,231165,3

0.09,-0.02,0.07,231177,3

0.14,-0.02,0.06,231188,3

0.12,0.00,0.02,231199,3

0.13,-0.01,-0.08,231212,3

0.05,-0.02,-0.01,231224,3

0.07,-0.07,0.16,231235,3

0.10,-0.04,0.13,231251,3

0.14,-0.05,-0.02,231264,3

0.13,-0.04,0.02,231275,3

0.12,-0.07,0.11,231286,3

0.05,-0.01,0.04,231298,3

0.07,0.00,-0.02,231309,3

0.07,0.00,-0.01,231322,3

0.09,-0.03,0.06,231333,3

0.12,-0.04,0.07,231346,3

0.12,-0.07,0.05,231356,3

0.10,-0.03,0.04,231367,3

0.09,-0.02,0.06,231378,3

0.08,-0.05,0.08,231391,3

0.12,-0.02,0.00,231404,3

0.12,-0.01,-0.04,231415,3

0.10,-0.07,0.06,231427,3

0.09,-0.01,0.09,231438,3

0.08,-0.04,0.12,231448,3

0.11,-0.03,0.00,231464,3

0.12,-0.03,0.06,231476,3

0.12,-0.02,0.05,231487,3

0.08,-0.02,0.10,231498,3

0.12,0.00,-0.03,231510,3

0.11,-0.03,0.03,231523,3

0.09,-0.06,0.09,231535,3

0.08,-0.05,0.12,231545,3

0.08,-0.06,0.01,231557,3

0.09,-0.03,0.01,231568,3

0.13,-0.05,0.13,231579,3

0.11,-0.05,0.09,231591,3

0.13,-0.04,0.11,231605,3

0.10,-0.10,0.11,231616,3

0.11,-0.10,0.13,231626,3

0.14,-0.02,0.06,231638,3

0.09,0.00,0.02,231649,3

0.11,0.02,-0.06,231661,3

0.13,-0.05,0.09,231676,3

0.11,-0.06,0.12,231687,3

0.12,-0.04,0.08,231698,3

0.13,-0.04,-0.02,231710,3

0.14,0.05,-0.06,231724,3

0.12,0.04,-0.02,231735,3

0.05,-0.06,0.09,231746,3

0.10,-0.08,0.02,231757,3

0.12,-0.08,0.08,231769,3

0.13,-0.08,0.11,231780,3

0.15,0.00,0.04,231792,3

0.18,-0.03,0.01,231804,3

0.05,-0.10,0.16,231816,3

0.10,-0.06,0.11,231827,3

0.14,-0.03,0.09,231838,3

0.12,-0.05,0.16,231849,3

0.09,-0.15,0.11,231862,3

0.14,-0.05,0.00,231874,3

0.15,0.05,-0.02,231885,3

0.12,0.05,-0.02,231902,3

0.11,0.03,-0.08,231914,3

0.07,-0.10,0.18,231926,3

0.08,-0.13,0.23,231937,3

0.12,-0.08,0.13,231948,3

0.17,-0.03,-0.05,231960,3

0.14,0.00,0.00,231972,3

0.10,0.01,0.01,231985,3

0.08,-0.11,0.16,231996,3

0.09,-0.08,0.04,232007,3

0.12,-0.03,0.00,232018,3

0.10,-0.02,0.05,232029,3

0.12,-0.04,0.09,232042,3

0.12,-0.02,0.06,232054,3

0.14,-0.03,0.04,232066,3

0.14,-0.02,0.03,232077,3

0.12,-0.02,0.10,232088,3

0.12,-0.06,0.11,232099,3

0.11,-0.02,0.00,232115,3

0.11,-0.08,0.10,232126,3

0.17,-0.09,0.16,232137,3

0.17,-0.03,0.10,232148,3

0.14,-0.01,-0.02,232160,3

0.08,0.00,-0.01,232173,3

0.11,0.00,0.02,232185,3

0.13,0.00,0.05,232196,3

0.13,-0.07,0.03,232207,3

0.10,-0.07,0.10,232218,3

0.08,-0.08,0.08,232229,3

0.13,-0.04,0.11,232242,3

0.15,0.01,0.00,232255,3

0.10,-0.01,0.00,232266,3

0.11,-0.05,0.09,232276,3

0.08,-0.05,0.09,232288,3

0.11,-0.02,0.09,232300,3

0.11,-0.03,-0.01,232312,3

0.10,-0.04,0.08,232336,3

0.11,-0.06,0.04,232347,3

0.08,-0.07,-0.02,232358,3

0.13,-0.04,0.00,232370,3

0.12,-0.02,0.04,232380,3

0.06,-0.07,0.15,232391,3

0.13,-0.09,0.12,232404,3

0.11,-0.01,-0.02,232416,3

0.15,0.02,0.00,232427,3

0.14,0.00,0.04,232438,3

0.09,-0.01,0.10,232449,3

0.12,-0.01,-0.02,232461,3

0.15,-0.03,0.05,232473,3

0.13,-0.04,0.07,232484,3

0.13,-0.04,0.07,232496,3

0.12,-0.05,-0.03,232507,3

0.15,-0.07,0.03,232518,3

0.09,-0.06,0.13,232529,3

0.08,-0.09,0.14,232544,3

0.09,-0.06,0.10,232556,3

0.14,0.00,-0.03,232566,3

0.14,-0.02,0.05,232578,3

0.14,-0.02,0.04,232589,3

0.13,-0.03,0.00,232601,3

0.12,-0.07,0.00,232613,3

0.06,-0.08,0.05,232626,3

0.11,0.00,0.03,232637,3

0.11,-0.02,0.07,232648,3

0.13,-0.03,-0.01,232658,3

0.09,-0.03,0.03,232671,3

0.05,-0.05,0.11,232682,3

0.06,-0.01,0.07,232694,3

0.10,0.00,-0.05,232706,3

0.08,-0.03,0.00,232717,3

0.11,-0.02,0.02,232728,3

0.09,-0.04,0.10,232739,3

0.09,-0.05,0.06,232751,3

0.10,-0.03,-0.02,232766,3

0.09,-0.04,0.03,232777,3

0.09,-0.01,0.04,232788,3

0.10,0.00,0.05,232799,3

0.07,-0.06,0.00,232811,3

0.10,-0.05,0.02,232824,3

0.09,-0.06,0.07,232836,3

0.11,-0.01,0.02,232847,3

0.14,0.00,-0.04,232858,3

0.13,0.00,0.00,232869,3

0.11,0.00,0.05,232880,3

0.09,-0.02,0.06,232893,3

0.07,-0.07,0.13,232905,3

0.12,-0.03,0.03,232916,3

0.09,-0.03,0.02,232928,3

0.12,-0.01,0.03,232939,3

0.13,-0.01,0.00,232949,3

0.08,0.00,-0.04,232962,3

0.08,-0.06,0.09,232986,3

0.13,-0.02,0.04,232996,3

0.12,-0.03,-0.02,233008,3

0.11,-0.03,0.02,233019,3

0.12,-0.01,0.04,233030,3

0.12,-0.02,0.06,233042,3

0.09,-0.02,0.08,233055,3

0.13,-0.04,0.01,233066,3

0.13,-0.05,0.07,233077,3

0.10,-0.01,0.02,233089,3

0.10,-0.01,0.03,233100,3

0.08,-0.05,0.01,233112,3

0.12,0.00,-0.02,233125,3

0.11,0.00,0.03,233137,3

0.11,0.00,0.03,233147,3

0.07,-0.03,-0.01,233158,3

0.09,-0.02,0.02,233170,3

0.10,-0.08,0.05,233182,3

0.10,-0.08,0.05,233205,3

0.14,-0.04,-0.01,233217,3

0.09,0.00,0.02,233228,3

0.10,-0.01,0.03,233239,3

0.14,-0.03,0.05,233250,3

0.13,-0.03,-0.04,233263,3

0.08,-0.03,0.03,233276,3

0.10,-0.06,0.11,233286,3

0.09,-0.04,0.03,233297,3

0.08,-0.06,0.01,233309,3

0.09,-0.05,0.00,233320,3

0.14,-0.01,0.03,233331,3

0.11,-0.01,0.04,233344,3

0.10,0.01,0.03,233356,3

0.12,-0.08,0.05,233367,3

0.10,-0.05,0.07,233378,3

0.15,-0.03,0.05,233390,3

0.09,-0.03,0.05,233402,3

0.09,-0.05,-0.01,233414,3

0.09,-0.05,0.01,233430,3

0.11,-0.01,0.06,233441,3

0.12,0.00,0.02,233452,3

0.12,-0.01,-0.03,233464,3

0.13,-0.01,-0.03,233477,3

0.13,-0.06,0.08,233488,3

0.13,-0.06,0.07,233499,3

0.03,-0.08,0.01,233510,3

0.05,-0.04,0.06,233523,3

0.10,-0.01,0.04,233534,3

0.15,0.01,0.00,233545,3

0.13,-0.01,0.00,233556,3

0.15,0.00,-0.04,233568,3

0.15,-0.03,0.03,233578,3

0.14,-0.08,0.08,233589,3

0.12,-0.05,0.08,233603,3

0.12,-0.04,0.00,233615,3

0.13,0.02,-0.03,233626,3

0.07,-0.04,0.10,233643,3

0.11,-0.01,0.04,233655,3

0.10,-0.08,0.07,233667,3

0.13,0.02,-0.02,233677,3

0.13,0.01,0.03,233689,3

0.06,-0.03,0.09,233701,3

0.07,-0.08,0.01,233713,3

0.16,-0.01,-0.02,233725,3

0.07,-0.03,0.11,233737,3

0.05,-0.11,0.15,233748,3

0.11,-0.07,0.02,233759,3

0.11,-0.05,0.05,233771,3

0.14,-0.02,0.03,233782,3

0.15,0.00,0.00,233793,3

0.19,-0.04,0.02,233805,3

0.15,0.00,-0.03,233817,3

0.14,0.04,-0.03,233828,3

0.12,0.04,0.00,233839,3

0.11,0.02,0.03,233854,3

0.11,-0.01,0.00,233867,3

0.08,-0.07,0.10,233878,3

0.06,-0.10,0.16,233888,3

0.13,-0.05,0.00,233901,3

0.14,-0.06,0.00,233913,3

0.14,-0.06,0.03,233925,3

0.17,-0.02,0.00,233936,3

0.15,-0.01,0.00,233948,3

0.14,0.00,-0.06,233959,3

0.06,-0.05,0.09,233970,3

0.09,-0.10,0.13,233981,3

0.13,-0.06,0.09,233994,3

0.12,-0.05,0.08,234006,3

0.11,-0.04,0.00,234017,3

0.18,0.00,-0.03,234029,3

0.14,0.01,0.05,234040,3

0.13,0.01,0.02,234051,3

0.18,0.01,-0.08,234063,3

0.14,-0.03,0.05,234078,3

0.13,-0.03,0.08,234089,3

0.13,-0.02,0.07,234100,3

0.14,-0.04,-0.02,234114,3

0.13,-0.05,0.04,234126,3

0.15,-0.02,0.04,234137,3

0.14,-0.05,0.00,234148,3

0.12,-0.07,0.00,234160,3

0.15,-0.05,0.02,234171,3

0.14,-0.02,0.02,234182,3

0.15,-0.05,0.07,234194,3

0.14,-0.04,0.06,234207,3

0.11,-0.01,0.02,234218,3

0.12,-0.02,0.09,234229,3

0.11,-0.05,0.09,234241,3

0.13,-0.07,0.04,234253,3

0.12,-0.07,-0.01,234265,3

0.14,0.00,0.04,234277,3

0.12,0.00,0.03,234293,3

0.12,0.00,0.03,234306,3

0.11,-0.01,0.05,234317,3

0.12,-0.05,0.07,234328,3

0.14,-0.03,0.07,234339,3

0.11,-0.05,0.11,234350,3

0.11,-0.08,0.01,234363,3

0.10,-0.05,0.06,234376,3

0.13,-0.07,0.11,234387,3

0.13,-0.01,0.04,234398,3

0.12,0.00,-0.06,234409,3

0.09,0.00,-0.04,234421,3

0.12,-0.03,0.04,234432,3

0.12,0.00,0.06,234444,3

0.09,-0.03,0.08,234457,3

0.09,-0.04,0.02,234468,3

0.13,-0.03,0.06,234479,3

