-0.06,-0.06,-0.14,406792,0

-0.04,-0.09,-0.12,406858,0

-0.03,-0.10,-0.21,406871,0

0.00,-0.03,-0.19,406882,0

0.00,-0.05,-0.15,406893,0

-0.05,-0.02,-0.17,406903,0

0.00,0.00,-0.30,406916,0

0.00,-0.02,-0.17,406928,0

0.00,-0.06,-0.13,406940,0

0.00,-0.07,-0.09,406951,0

-0.03,-0.04,-0.25,406963,0

-0.04,-0.01,-0.23,406974,0

-0.05,0.01,-0.21,406985,0

-0.02,-0.01,-0.16,406998,0

0.00,-0.05,-0.20,407010,0

-0.03,-0.05,-0.26,407021,0

-0.05,-0.05,-0.16,407032,0

-0.05,-0.06,-0.14,407044,0

-0.05,-0.06,-0.25,407062,0

-0.01,-0.04,-0.18,407073,0

-0.02,-0.05,-0.14,407084,0

-0.01,-0.04,-0.13,407096,0

-0.01,-0.07,-0.11,407108,0

-0.07,-0.06,-0.24,407120,0

-0.01,-0.04,-0.15,407132,0

-0.04,-0.09,-0.11,407143,0

-0.05,-0.07,-0.18,407154,0

-0.04,-0.03,-0.24,407165,0

-0.05,-0.06,-0.20,407179,0

-0.02,-0.09,-0.14,407191,0

-0.01,-0.06,-0.12,407202,0

-0.03,-0.06,-0.19,407214,0

-0.04,-0.02,-0.23,407224,0

-0.01,-0.06,-0.16,407235,0

0.00,-0.09,-0.08,407248,0

-0.01,-0.02,-0.24,407265,0

-0.04,-0.04,-0.14,407278,0

-0.05,-0.05,-0.11,407289,0

-0.07,-0.05,-0.18,407302,0

-0.03,-0.05,-0.21,407313,0

-0.02,-0.05,-0.17,407324,0

-0.01,-0.06,-0.11,407334,0

0.00,-0.09,-0.09,407347,0

-0.03,-0.02,-0.18,407359,0

-0.04,-0.03,-0.25,407371,0

-0.04,-0.06,-0.13,407383,0

-0.01,-0.07,-0.10,407394,0

-0.02,-0.06,-0.13,407405,0

-0.05,-0.05,-0.19,407416,0

-0.03,-0.04,-0.14,407430,0

-0.02,-0.07,-0.15,407442,0

-0.04,-0.02,-0.13,407452,0

0.02,-0.08,-0.18,407469,0

-0.06,-0.03,-0.20,407482,0

-0.02,-0.06,-0.15,407492,0

-0.02,-0.07,-0.12,407503,0

0.00,-0.04,-0.22,407515,0

-0.01,-0.02,-0.23,407526,0

-0.04,-0.02,-0.15,407537,0

-0.03,-0.04,-0.13,407550,0

-0.03,-0.04,-0.13,407562,0

-0.03,-0.05,-0.16,407573,0

0.00,-0.06,-0.10,407584,0

-0.03,-0.07,-0.11,407596,0

-0.02,-0.06,-0.10,407607,0

-0.03,-0.06,-0.17,407619,0

-0.02,-0.06,-0.14,407631,0

0.00,-0.04,-0.10,407643,0

-0.03,-0.04,-0.18,407654,0

-0.02,-0.07,-0.20,407670,0

-0.01,-0.08,-0.17,407683,0

-0.01,-0.03,-0.08,407694,0

0.00,-0.05,-0.12,407704,0

0.01,-0.07,-0.18,407715,0

-0.01,-0.06,-0.17,407728,0

-0.03,-0.05,-0.11,407739,0

-0.02,-0.08,-0.10,407751,0

0.00,-0.01,-0.20,407762,0

-0.02,-0.03,-0.17,407774,0

-0.03,-0.01,-0.12,407785,0

-0.02,-0.05,-0.12,407796,0

-0.03,-0.05,-0.08,407809,0

-0.02,-0.08,-0.17,407821,0

-0.03,-0.06,-0.13,407833,0

-0.03,-0.07,-0.05,407844,0

-0.02,-0.06,-0.11,407856,0

-0.01,-0.06,-0.19,407871,0

-0.04,-0.03,-0.19,407883,0

-0.01,-0.08,-0.07,407895,0

-0.01,-0.06,-0.10,407906,0

0.00,-0.07,-0.18,407917,0

0.00,-0.06,-0.15,407929,0

-0.02,-0.04,-0.07,407942,0

0.00,-0.06,-0.06,407953,0

-0.02,-0.05,-0.20,407964,0

-0.02,-0.07,-0.14,407975,0

0.00,-0.07,-0.09,407987,0

-0.02,-0.07,-0.10,407999,0

0.00,-0.04,-0.13,408011,0

0.01,-0.06,-0.14,408024,0

0.01,-0.04,-0.12,408034,0

0.00,-0.07,-0.08,408045,0

0.00,-0.06,-0.08,408057,0

0.00,-0.06,-0.17,408070,0

0.01,-0.06,-0.09,408084,0

0.00,-0.07,-0.05,408095,0

-0.02,-0.06,-0.09,408107,0

-0.02,-0.06,-0.15,408119,0

0.03,-0.04,-0.12,408131,0

0.00,-0.07,-0.07,408143,0

-0.02,-0.06,-0.07,408155,0

-0.01,-0.08,-0.16,408165,0

-0.02,-0.07,-0.10,408177,0

0.00,-0.04,-0.07,408187,0

0.01,-0.05,-0.03,408201,0

0.00,-0.08,-0.10,408213,0

-0.01,-0.05,-0.12,408223,0

-0.02,-0.03,-0.08,408235,0

0.01,-0.05,-0.09,408246,0

0.01,-0.07,-0.07,408258,0

0.00,-0.07,-0.14,408270,0

0.00,-0.07,-0.05,408285,0

0.00,-0.05,-0.07,408296,0

0.01,-0.05,-0.07,408307,0

0.00,-0.04,-0.20,408320,0

0.05,-0.05,-0.09,408332,0

0.02,-0.09,-0.05,408344,0

0.02,-0.06,-0.10,408355,0

0.02,-0.06,-0.16,408366,0

0.00,-0.06,-0.13,408378,0

0.00,-0.05,-0.08,408388,0

0.00,-0.07,-0.03,408401,0

0.00,-0.04,-0.09,408414,0

0.04,-0.03,-0.13,408424,0

0.00,-0.04,-0.08,408435,0

0.02,-0.03,-0.06,408446,0

0.03,-0.04,-0.04,408459,0

0.00,-0.07,-0.12,408471,0

0.02,-0.07,-0.09,408483,0

0.04,-0.08,-0.04,408500,0

0.02,-0.07,-0.03,408512,0

0.01,-0.04,-0.18,408523,0

0.03,-0.02,-0.10,408535,0

0.02,-0.07,-0.06,408546,0

0.05,-0.05,-0.08,408557,0

0.02,-0.06,-0.15,408570,0

0.01,-0.06,-0.11,408583,0

0.02,-0.08,-0.04,408594,0

0.05,-0.08,-0.05,408605,0

0.05,-0.05,-0.16,408616,0

0.03,-0.04,-0.09,408628,0

0.02,-0.04,-0.09,408639,0

0.03,-0.04,-0.04,408651,0

0.02,-0.06,-0.05,408664,0

0.04,-0.07,-0.13,408675,0

0.03,-0.05,-0.07,408686,0

0.02,-0.09,-0.04,408697,0

0.04,-0.06,-0.09,408714,0

0.05,-0.06,-0.11,408725,0

0.03,-0.06,-0.08,408735,0

0.02,-0.02,-0.06,408747,0

0.04,-0.06,-0.07,408759,0

0.03,-0.06,-0.17,408771,0

0.03,-0.05,-0.12,408783,0

0.05,-0.05,-0.07,408795,0

0.01,-0.06,-0.06,408806,0

0.06,-0.07,-0.13,408817,0

0.04,-0.07,-0.07,408828,0

0.03,-0.04,-0.08,408840,0

0.03,-0.07,-0.04,408852,0

0.02,-0.07,-0.11,408864,0

0.03,-0.08,-0.09,408876,0

0.05,-0.06,-0.09,408887,0

0.04,-0.07,-0.03,408897,0

0.02,-0.05,-0.07,408913,0

0.03,-0.06,-0.13,408925,0

0.04,-0.06,-0.04,408936,0

0.03,-0.06,-0.02,408947,0

0.01,-0.06,-0.03,408958,0

0.02,-0.05,-0.14,408971,0

0.05,-0.06,-0.07,408984,0

0.05,-0.05,-0.05,408995,0

0.04,-0.04,-0.05,409007,0

0.06,-0.08,-0.14,409017,0

0.03,-0.05,-0.07,409029,0

0.03,-0.06,-0.06,409040,0

0.04,-0.07,-0.04,409053,0

0.04,-0.05,-0.08,409065,0

0.05,-0.05,-0.13,409076,0

0.06,-0.07,-0.08,409086,0

0.03,-0.07,-0.05,409098,0

0.06,-0.06,-0.05,409110,0

0.06,-0.04,-0.12,409125,0

0.04,-0.06,-0.06,409136,0

0.08,-0.04,-0.04,409147,0

0.08,-0.08,-0.02,409158,0

0.06,-0.05,-0.14,409171,0

0.03,-0.03,-0.12,409184,0

0.06,-0.03,-0.05,409195,0

0.05,-0.03,-0.11,409206,0

0.03,-0.06,-0.17,409218,0

0.04,-0.05,-0.12,409229,0

0.05,-0.07,-0.07,409240,0

0.03,-0.06,-0.05,409253,0

0.06,-0.08,-0.05,409265,0

0.04,-0.07,-0.10,409276,0

0.07,-0.06,-0.03,409287,0

0.06,-0.07,-0.03,409298,0

0.05,-0.05,-0.02,409310,0

0.04,-0.02,-0.15,409322,0

0.03,-0.06,-0.06,409337,0

0.04,-0.05,-0.06,409348,0

0.04,-0.05,-0.03,409360,0

0.07,-0.05,-0.13,409372,0

0.03,-0.06,-0.09,409384,0

0.05,-0.04,-0.03,409396,0

0.06,-0.05,-0.05,409407,0

0.04,-0.05,-0.14,409418,0

0.03,-0.05,-0.13,409431,0

0.03,-0.06,-0.03,409442,0

0.02,-0.06,-0.03,409454,0

0.07,-0.07,-0.17,409466,0

0.02,-0.05,-0.11,409477,0

0.04,-0.08,-0.09,409488,0

0.02,-0.07,-0.05,409500,0

0.00,-0.05,-0.07,409512,0

0.02,-0.05,-0.16,409525,0

0.04,-0.07,-0.08,409539,0

0.03,-0.05,-0.05,409552,0

0.01,-0.06,-0.11,409565,0

0.00,-0.05,-0.13,409576,0

0.03,0.00,-0.13,409587,0

0.03,-0.08,-0.02,409598,0

0.00,-0.02,-0.10,409609,0

0.06,-0.05,-0.16,409622,0

0.03,-0.03,-0.16,409634,0

0.01,-0.04,-0.10,409646,0

0.04,-0.05,-0.05,409657,0

0.07,-0.10,-0.10,409668,0

0.11,-0.14,0.03,409679,0

0.07,-0.15,0.04,409691,0

0.03,-0.04,-0.07,409703,0

0.05,-0.07,-0.10,409715,0

0.03,-0.12,-0.10,409726,0

0.02,-0.08,-0.07,409738,0

0.01,-0.05,-0.08,409752,0

0.01,-0.01,-0.13,409764,0

0.03,-0.02,-0.20,409777,0

0.00,-0.05,-0.08,409787,0

0.00,-0.07,-0.07,409798,0

-0.01,-0.05,-0.10,409809,0

-0.02,-0.06,-0.18,409822,0

-0.03,-0.05,-0.14,409835,0

-0.01,-0.09,-0.11,409846,0

0.03,-0.02,-0.05,409858,0

0.01,-0.01,-0.17,409868,0

0.00,-0.05,-0.10,409879,0

0.04,-0.10,-0.05,409890,0

0.04,-0.06,-0.04,409902,0

0.01,-0.05,-0.10,409914,0

0.05,-0.03,-0.18,409926,0

0.00,-0.02,-0.13,409937,0

0.08,-0.05,-0.07,409952,0

0.07,-0.03,-0.06,409964,0

0.04,0.01,-0.21,409976,0

0.05,-0.06,-0.06,409988,0

0.11,-0.17,0.11,409999,0

0.08,-0.14,0.08,410009,0

0.02,-0.08,-0.14,410021,0

0.06,-0.11,-0.04,410035,0

0.01,-0.08,-0.06,410046,0

0.01,-0.05,-0.13,410057,0

0.09,-0.04,-0.12,410068,0

0.08,-0.07,-0.08,410080,0

0.03,-0.06,-0.08,410091,0

-0.01,0.00,-0.12,410102,0

-0.03,0.01,-0.17,410115,0

0.04,0.01,-0.23,410127,0

0.01,-0.04,-0.11,410137,0

0.02,-0.05,-0.05,410148,0

0.05,-0.04,-0.13,410172,0

0.08,-0.12,0.01,410185,0

0.03,-0.11,-0.02,410196,0

-0.01,-0.09,-0.01,410208,0

-0.01,-0.04,-0.19,410219,0

0.02,-0.08,-0.13,410229,0

0.00,-0.10,-0.08,410241,0

-0.02,0.08,-0.24,410252,0

0.12,0.12,-0.24,410264,0

0.25,-0.11,-0.01,410276,0

-0.01,-0.02,-0.07,410288,0

-0.02,-0.02,-0.13,410299,0

0.00,-0.04,-0.10,410310,0

-0.01,-0.07,-0.18,410321,0

-0.03,0.02,-0.17,410334,0

-0.01,-0.02,-0.14,410345,0

0.00,-0.04,-0.11,410356,0

-0.05,0.00,-0.26,410368,0

-0.03,-0.12,-0.09,410384,0

-0.01,-0.18,0.01,410394,0

-0.02,-0.21,0.02,410406,0

0.00,-0.04,-0.18,410418,0

0.22,0.11,-0.21,410428,0

0.28,0.03,-0.05,410439,0

0.06,-0.03,0.01,410450,0

0.12,-0.04,-0.04,410462,0

0.06,-0.03,-0.18,410474,0

0.01,0.00,-0.21,410486,0

0.28,-0.03,-0.02,410498,0

0.31,-0.15,0.18,410509,0

0.23,-0.12,0.00,410520,0

0.55,-0.12,0.16,410531,0

0.43,0.45,-0.10,410543,0

0.01,0.51,-0.42,410553,0

-0.21,0.45,-0.58,410566,0

0.05,0.64,-0.34,410577,0

1.02,2.90,0.11,410592,0

0.93,1.96,-0.20,410603,0

0.55,1.60,-0.15,410616,0

1.21,2.21,0.10,410628,0

1.30,2.69,0.18,410639,0

1.22,2.59,0.34,410650,0

1.50,2.74,0.74,410661,0

1.69,2.70,0.76,410674,0

1.65,3.29,1.89,410687,0

1.75,2.60,2.53,410698,0

1.44,2.70,2.62,410710,0

1.97,4.91,2.00,410720,0

1.25,4.22,3.09,410732,0

1.61,3.79,3.64,410743,0

2.29,1.04,4.12,410755,0

2.38,-5.34,2.88,410767,0

8.20,1.59,-2.35,410778,0

4.70,11.66,-2.75,410789,0

12.34,-3.39,0.54,410804,0

13.15,-5.08,1.65,410817,0

17.86,-3.63,0.00,410828,0

20.10,-2.87,-0.79,410840,0

19.87,-3.28,-1.81,410850,0

19.02,-3.07,-2.44,410862,0

16.80,-2.23,-3.39,410874,0

15.34,-1.60,-3.66,410888,0

12.27,0.23,-3.70,410899,0

9.03,2.08,-3.48,410910,0

7.15,2.79,-3.34,410921,0

5.32,3.54,-3.01,410934,0

3.58,4.23,-2.61,410945,0

1.35,5.34,-1.50,410956,0

0.29,5.94,-1.09,410968,0

-1.96,6.50,-0.33,410979,0

-4.23,6.12,-0.07,410990,0

-5.47,6.20,0.00,411001,0

-6.64,6.64,0.05,411018,0

-10.45,4.85,0.36,411029,0

-11.90,3.59,0.09,411039,0

-13.17,2.56,0.23,411051,0

-14.38,1.90,0.70,411063,0

-16.65,1.22,1.61,411076,0

-18.08,0.94,1.77,411088,0

-20.15,-0.62,1.96,411100,0

-18.74,-3.01,1.98,411110,0

-17.18,-3.37,1.98,411122,0

-15.61,-3.26,2.44,411134,0

-12.94,-0.58,3.13,411146,0

-1.87,15.97,14.04,411158,0

2.71,-0.40,0.93,411168,0

1.87,3.77,1.22,411180,0

-1.54,4.84,-3.42,411191,0

-4.06,4.82,-3.68,411202,0

-6.91,5.59,-3.27,411214,0

-4.57,0.73,0.75,411230,0

-2.65,-2.11,2.89,411241,0

-2.05,-0.56,1.50,411252,0

0.35,0.39,-0.79,411265,0

-0.91,0.42,-0.55,411277,0

-0.66,-0.97,1.12,411289,0

0.46,-0.13,0.43,411300,0

-0.24,-0.33,0.46,411311,0

-0.37,0.40,-0.47,411323,0

-0.30,0.31,-0.39,411335,0

-0.21,0.44,-0.46,411346,0

-0.39,0.58,-0.70,411359,0

-0.17,0.23,-0.45,411370,0

0.26,-0.45,0.50,411381,0

0.25,-0.11,0.20,411392,0

0.05,0.12,-0.06,411403,0

0.20,-0.26,0.41,411416,0

0.00,-0.07,-0.08,411428,0

0.19,-0.54,0.55,411443,0

-0.03,-0.25,0.19,411454,0

-0.20,0.11,-0.32,411466,0

-0.22,0.17,-0.42,411479,0

0.12,-0.50,0.43,411490,0

-0.07,-0.40,0.25,411501,0

-0.18,-0.24,0.04,411511,0

-0.18,-0.18,-0.10,411524,0

0.04,-0.12,0.04,411537,0

0.14,-0.10,0.15,411548,0

-0.02,-0.14,0.14,411559,0

-0.11,-0.02,-0.28,411571,0

-0.26,0.09,-0.40,411581,0

-0.11,0.15,-0.30,411592,0

-0.07,0.22,-0.26,411603,0

-0.14,0.10,-0.24,411616,0

-0.16,0.04,-0.32,411628,0

-0.06,0.23,-0.16,411643,0

-0.04,0.35,-0.17,411655,0

0.12,0.84,-0.19,411667,0

0.38,1.18,-0.21,411679,0

0.52,2.32,-0.86,411689,0

0.15,2.58,-1.41,411701,0

0.08,2.96,-1.67,411712,0

0.11,2.90,-2.09,411724,0

0.49,2.69,-1.64,411738,0

0.52,3.18,-1.39,411749,0

1.52,2.45,-0.28,411760,0

1.86,2.77,-0.09,411771,0

2.15,2.88,0.49,411783,0

2.38,2.89,0.72,411793,0

2.35,2.59,1.05,411804,0

2.65,2.88,1.00,411817,0

3.37,4.19,0.89,411829,0

4.02,4.57,0.92,411840,0

4.38,5.93,1.27,411851,0

4.74,7.45,2.00,411868,0

4.49,7.83,2.00,411879,0

1.53,13.37,3.26,411890,0

1.97,14.14,3.84,411901,0

3.57,12.86,3.98,411913,0

4.37,14.22,4.57,411925,0

6.64,13.95,2.31,411938,0

6.11,14.72,2.86,411950,0

17.37,3.75,-1.04,411961,0

24.83,-6.27,-3.48,411972,0

3.95,-5.50,0.90,411983,0

8.23,8.25,1.37,411995,0

15.74,-0.65,0.28,412006,0

16.53,6.04,0.95,412018,0

17.26,8.31,0.81,412029,0

16.45,2.03,0.43,412041,0

15.61,-0.80,0.26,412052,0

14.86,-2.14,-0.60,412064,0

14.19,-1.86,-1.27,412080,0

13.47,0.13,-1.72,412091,0

12.78,0.69,-1.71,412102,0

10.96,1.15,-1.90,412112,0

10.01,0.84,-1.86,412126,0

9.18,1.10,-1.56,412138,0

8.51,1.81,-1.13,412149,0

6.97,4.38,-0.08,412161,0

6.33,4.82,0.15,412172,0

5.68,5.26,0.52,412183,0

5.14,6.39,1.10,412194,0

4.59,6.61,1.25,412206,0

4.04,7.00,1.40,412218,0

3.46,8.05,1.34,412230,0

0.52,10.93,1.31,412240,0

-1.12,11.34,1.23,412252,0

-2.82,11.42,1.26,412263,0

-6.75,11.11,1.10,412276,0

-11.24,12.73,0.91,412291,0

-13.58,14.74,0.79,412302,0

-19.10,14.60,0.93,412313,0

-22.49,11.41,0.33,412325,0

-25.65,7.89,-0.59,412339,0

-30.86,4.26,-3.39,412349,0

-38.87,4.57,-6.39,412360,0

-38.90,3.62,-4.88,412371,0

-30.25,-4.33,0.17,412383,0

-25.31,-5.80,0.30,412394,0

-21.50,-1.52,0.62,412405,0

-18.25,2.97,1.95,412418,0

-0.29,-15.90,-5.85,412430,0

-2.38,9.90,-3.63,412441,0

-2.15,10.57,-7.01,412452,0

-9.03,13.65,-10.90,412464,0

-8.72,8.76,-3.91,412477,0

-4.83,4.20,-1.43,412491,0

-7.08,-4.21,7.13,412503,0

-4.52,0.72,0.63,412514,0

2.71,4.91,-6.19,412526,0

1.23,-0.66,-0.10,412539,0

-0.59,-2.32,3.04,412551,0

-0.09,0.53,-0.44,412561,0

-1.17,-0.31,0.41,412572,0

0.00,0.70,-0.81,412583,0

-0.56,0.46,-0.69,412595,0

-0.42,0.42,-0.49,412606,0

-0.36,0.65,-0.83,412618,0

-0.07,1.56,-1.49,412631,0

0.40,-0.06,0.50,412642,0

0.59,-1.02,1.30,412653,0

0.09,-0.43,0.42,412664,0

0.13,0.22,-0.06,412677,0

-0.16,-0.29,-0.02,412690,0

0.08,-0.46,0.45,412704,0

0.15,-0.89,0.67,412717,0

0.12,-0.96,0.74,412729,0

-0.31,0.47,-0.57,412741,0

-0.41,0.45,-0.64,412752,0

-0.11,0.18,-0.21,412763,0

-0.14,-0.46,-0.10,412775,0

-0.30,0.20,-0.21,412787,0

0.02,0.07,-0.07,412798,0

-0.02,-0.49,0.34,412810,0

0.28,-0.14,0.32,412821,0

0.10,-0.31,0.23,412832,0

0.28,-0.24,0.54,412844,0

-0.20,0.15,-0.21,412855,0

-0.01,0.37,-0.07,412867,0

0.43,0.61,0.27,412880,0

0.28,-0.26,0.77,412892,0

0.34,0.35,0.53,412903,0

0.32,0.13,0.59,412919,0

0.41,1.21,0.14,412931,0

-0.02,2.38,-1.54,412942,0

0.12,2.88,-1.63,412953,0

0.04,3.67,-2.54,412964,0

0.52,4.06,-2.56,412977,0

0.59,4.31,-2.53,412990,0

0.82,3.96,-2.11,413001,0

2.17,3.62,-0.46,413012,0

2.84,4.05,0.26,413024,0

3.18,3.84,0.84,413035,0

3.76,5.39,1.36,413046,0

4.25,5.78,0.62,413058,0

5.13,7.32,0.56,413070,0

5.85,8.76,0.88,413081,0

4.53,11.68,0.52,413092,0

2.77,13.98,-0.50,413104,0

2.63,19.49,-0.35,413115,0

0.51,15.81,2.03,413127,0

3.42,11.43,3.10,413143,0

3.78,13.42,3.27,413154,0

10.13,15.00,1.35,413165,0

18.28,16.58,-0.75,413177,0

31.49,6.16,-1.82,413190,0

36.83,-13.54,-1.46,413202,0

18.86,0.28,-3.55,413212,0

18.04,-1.19,-2.00,413223,0

14.90,5.91,-3.27,413236,0

13.71,3.77,-2.29,413247,0

12.66,2.05,-2.39,413258,0

11.69,1.01,-2.36,413271,0

11.77,-0.08,-1.94,413282,0

12.21,0.88,-1.43,413293,0

12.19,0.80,-1.14,413304,0

11.91,0.56,-0.78,413316,0

11.49,0.42,-0.67,413328,0

10.72,1.01,-0.11,413343,0

9.97,2.57,0.55,413353,0

9.22,3.45,0.92,413366,0

8.32,4.40,1.25,413378,0

7.03,5.36,1.57,413391,0

3.37,7.23,1.95,413403,0

2.08,7.98,1.84,413414,0

0.53,8.70,1.49,413424,0

-1.76,9.68,1.43,413436,0

-3.17,10.12,1.64,413448,0

-4.74,10.41,2.10,413459,0

-5.94,11.25,2.71,413471,0

-9.37,12.70,5.59,413483,0

-11.09,13.01,5.98,413494,0

-12.86,13.74,5.66,413505,0

-16.88,12.19,2.69,413516,0

-19.70,10.11,0.85,413530,0

-22.96,7.88,-0.58,413542,0

-40.10,7.35,-3.13,413574,0

-31.04,-6.87,-1.51,413585,0

-25.58,-8.92,-1.31,413596,0

-20.96,-3.49,-0.12,413607,0

-16.71,1.92,1.46,413620,0

-1.59,-19.44,-6.97,413632,0

-2.30,16.15,-10.51,413643,0

-1.28,13.44,-9.36,413655,0

-10.17,11.51,-7.65,413666,0

-8.68,7.50,-3.67,413678,0

-4.85,6.76,-5.51,413691,0

-2.56,3.49,-2.53,413703,0

-6.66,-4.23,6.06,413714,0

-1.04,2.23,-1.88,413725,0

2.49,1.51,-2.52,413736,0

-1.51,-0.87,1.39,413748,0

-0.38,-1.67,2.22,413759,0

0.43,0.15,-0.22,413773,0

-0.33,-0.18,0.19,413785,0

-0.54,0.72,-0.92,413796,0

-0.51,0.72,-0.90,413807,0

-0.06,0.11,-0.23,413819,0

-0.23,0.55,-0.65,413832,0

-0.13,0.39,-0.52,413843,0

-0.04,0.38,-0.47,413854,0

0.30,0.10,0.08,413865,0

0.51,-0.24,0.53,413878,0

0.66,-0.97,1.05,413890,0

0.11,-0.17,0.27,413901,0

-0.28,0.18,-0.41,413913,0

-0.22,0.34,-0.62,413924,0

-0.35,0.30,-0.67,413935,0

-0.21,-0.15,-0.13,413946,0

-0.11,-0.60,0.33,413958,0

-0.07,-0.50,0.31,413970,0

-0.21,-0.11,-0.28,413984,0

-0.31,-0.08,-0.31,413996,0

-0.22,-0.17,-0.19,414007,0

-0.04,-0.19,-0.01,414020,0

0.08,-0.11,0.01,414032,0

-0.06,0.32,-0.31,414044,0

0.09,0.36,-0.03,414055,0

-0.06,0.47,-0.36,414066,0

-0.22,0.79,-0.71,414078,0

-0.24,1.17,-0.74,414091,0

0.55,1.49,-0.14,414102,0

0.63,2.07,0.27,414113,0

0.35,1.07,-0.55,414125,0

0.03,1.65,-0.81,414136,0

0.65,3.12,-0.56,414147,0

0.32,1.84,-1.12,414157,0

0.64,2.81,-1.26,414171,0

0.81,3.09,-1.66,414183,0

0.79,3.57,-1.89,414197,0

1.36,3.96,-1.65,414209,0

1.83,4.14,-0.97,414221,0

3.00,4.37,0.25,414233,0

4.21,5.33,1.42,414244,0

4.48,6.00,1.37,414256,0

5.16,6.67,1.78,414267,0

6.09,7.71,2.37,414279,0

6.21,11.19,3.06,414291,0

6.11,13.27,3.70,414304,0

2.34,15.84,4.39,414314,0

3.15,10.32,4.40,414325,0

3.59,15.22,3.60,414338,0

6.76,13.66,3.11,414349,0

7.45,12.96,1.18,414360,0

13.37,12.33,-0.46,414372,0

19.79,12.51,-0.56,414384,0

4.66,0.27,0.59,414395,0

11.17,1.44,-1.74,414409,0

13.88,-1.56,-3.60,414423,0

14.48,-0.32,-1.45,414434,0

16.26,5.12,-0.07,414445,0

15.71,3.83,-0.10,414456,0

14.81,1.55,0.06,414468,0

13.62,-1.61,-0.24,414481,0

13.19,-1.56,-0.26,414493,0

12.76,-0.26,-0.63,414504,0

12.44,1.32,-0.99,414516,0

12.11,1.40,-0.99,414527,0

11.54,1.61,-0.83,414538,0

10.78,1.89,-0.64,414550,0

9.39,3.32,-0.09,414561,0

8.42,3.59,0.02,414573,0

6.80,4.56,0.25,414584,0

5.01,7.15,0.85,414596,0

3.45,7.55,0.98,414607,0

2.06,7.64,1.14,414623,0

0.84,8.40,1.11,414635,0

-2.87,10.58,1.24,414646,0

-4.88,9.86,1.57,414657,0

-6.90,9.20,1.76,414668,0

-10.18,10.75,2.09,414682,0

-11.59,13.11,2.52,414694,0

-16.91,12.99,3.15,414705,0

-19.41,10.13,1.86,414716,0

-21.55,6.88,0.29,414727,0

-23.29,4.63,-0.87,414740,0

-26.19,3.25,0.82,414750,0

-29.49,4.99,1.58,414761,0

-33.57,8.45,0.80,414774,0

-29.97,-6.11,1.57,414785,0

-25.03,-11.94,0.79,414796,0

-22.88,8.36,14.27,414808,0

-9.59,-13.71,-2.55,414820,0

-4.26,15.11,-2.39,414834,0

-5.77,8.69,-1.78,414845,0

-9.04,12.99,-8.69,414857,0

-7.54,8.16,-4.96,414869,0

-2.05,3.52,-3.12,414881,0

-4.26,3.40,-1.27,414894,0

-7.61,0.13,2.76,414905,0

2.50,3.02,-4.01,414916,0

0.75,0.19,-0.95,414927,0

-1.71,-0.79,1.15,414940,0

1.03,-2.76,3.29,414951,0

0.95,-1.01,1.00,414962,0

-0.33,0.62,-0.56,414974,0

-0.59,0.96,-1.17,414986,0

-0.20,0.33,-0.49,414996,0

-0.20,0.47,-0.64,415007,0

-0.30,0.56,-0.85,415020,0

-0.14,0.26,-0.53,415032,0

0.16,-0.01,0.01,415046,0

0.02,-0.85,0.98,415057,0

0.18,-1.58,1.39,415070,0

-0.05,-0.94,0.81,415082,0

-0.27,-0.33,0.00,415094,0

-0.16,0.19,-0.40,415106,0

-0.17,0.10,-0.26,415117,0

-0.10,-0.14,-0.12,415128,0

-0.01,-0.37,0.17,415140,0

-0.25,-0.01,-0.27,415152,0

-0.28,0.09,-0.37,415163,0

-0.28,0.02,-0.31,415175,0

-0.14,-0.30,0.01,415186,0

-0.12,-0.24,0.00,415197,0

-0.16,-0.09,-0.14,415208,0

-0.14,0.19,-0.39,415219,0

0.00,0.16,-0.35,415232,0

0.11,0.12,-0.08,415247,0

0.03,0.16,-0.14,415257,0

-0.05,0.09,-0.17,415268,0

0.09,0.00,0.00,415281,0

0.03,-0.17,0.14,415293,0

-0.07,-0.08,0.11,415304,0

-0.14,0.69,-0.43,415315,0

0.45,3.21,-0.62,415327,0

-0.01,3.30,-1.35,415338,0

0.62,4.12,-1.17,415349,0

0.59,2.91,-1.33,415361,0

0.48,3.49,-1.11,415373,0

0.12,3.27,-2.10,415385,0

1.30,3.82,-1.80,415396,0

1.49,3.31,-0.91,415408,0

1.91,4.17,-0.93,415418,0

2.35,4.26,-0.78,415431,0

2.92,4.31,0.00,415443,0

3.98,4.90,0.93,415458,0

4.58,6.28,0.89,415470,0

5.39,6.81,1.88,415483,0

6.80,8.28,2.87,415496,0

7.24,12.91,3.21,415507,0

4.72,12.86,3.81,415518,0

2.06,15.45,5.23,415529,0

4.72,12.42,4.34,415542,0

3.21,14.77,3.45,415553,0

7.80,12.44,1.36,415564,0

11.61,13.83,0.06,415576,0

17.51,14.54,-0.09,415587,0

30.81,-15.10,-6.17,415598,0

6.92,-0.67,-0.52,415609,0

9.92,5.72,1.44,415622,0

17.09,-0.71,-3.18,415635,0

17.01,7.88,-0.64,415646,0

16.41,5.82,-0.62,415657,0

15.15,3.17,-0.41,415674,0

12.71,-0.64,-0.48,415685,0

11.53,-2.29,-0.70,415696,0

11.66,-1.24,-0.89,415708,0

12.26,1.62,-0.66,415719,0

12.02,2.11,-0.60,415731,0

11.29,2.39,-0.66,415745,0

10.20,2.28,-0.63,415756,0

7.86,3.18,-0.12,415767,0

7.08,3.86,-0.20,415778,0

6.24,4.87,-0.30,415790,0

4.64,7.23,-0.19,415801,0

3.38,7.73,-0.11,415812,0

2.02,7.43,-0.15,415824,0

0.94,6.96,-0.33,415836,0

-1.74,8.88,-0.66,415847,0

-3.33,8.87,-0.62,415858,0

-6.30,8.83,-0.41,415870,0

-8.23,9.99,-0.04,415886,0

-12.69,13.55,0.98,415897,0

-16.86,13.49,2.88,415908,0

-19.18,10.99,3.29,415920,0

-20.93,8.39,3.08,415932,0

-22.41,6.77,2.81,415944,0

-25.37,5.43,2.30,415955,0

-31.65,5.79,0.56,415967,0

-36.01,6.99,-1.21,415978,0

-36.25,0.27,-0.09,415990,0

-32.41,-5.70,-0.16,416001,0

-27.86,-10.68,-0.27,416012,0

-13.63,-2.48,5.06,416025,0

5.73,-18.99,-1.65,416036,0

-1.52,19.76,-14.17,416048,0

-6.32,16.45,-10.34,416059,0

-11.29,15.13,-13.67,416071,0

-10.93,8.82,-2.84,416087,0

-2.80,3.94,-1.95,416098,0

-5.81,-0.91,3.12,416108,0

-5.37,-3.01,4.28,416119,0

-0.37,2.79,-2.66,416133,0

1.56,1.09,-2.42,416145,0

-1.60,-1.81,2.37,416156,0

0.36,-1.08,1.26,416167,0

-0.43,0.36,-0.32,416179,0

-0.27,0.12,0.00,416190,0

-0.14,-0.86,0.79,416201,0

-0.76,0.25,-0.20,416212,0

-0.31,0.24,-0.41,416225,0

-0.26,0.57,-0.71,416236,0

-0.28,0.14,-0.17,416247,0

-0.30,0.17,-0.30,416259,0

-0.34,0.26,-0.42,416270,0

-0.20,-0.09,-0.10,416282,0

0.22,-1.30,1.26,416297,0

-0.09,-0.42,0.66,416309,0

-0.28,-0.28,0.18,416320,0

-0.30,-0.46,0.21,416332,0

-0.39,-0.29,0.07,416345,0

-0.40,-0.12,-0.14,416356,0

-0.29,-0.23,0.09,416367,0

-0.25,0.03,-0.24,416378,0

-0.42,0.49,-0.69,416390,0

-0.37,0.32,-0.57,416401,0

-0.36,0.18,-0.42,416411,0

-0.33,-0.08,-0.10,416424,0

-0.34,-0.10,-0.20,416437,0

-0.19,0.11,-0.16,416448,0

-0.07,0.14,-0.08,416458,0

-0.13,0.05,-0.03,416470,0

-0.26,0.28,-0.45,416482,0

-0.32,0.66,-0.57,416495,0

-0.56,0.25,-0.45,416509,0

-0.26,0.16,0.04,416521,0

0.08,0.41,0.19,416533,0

0.21,2.12,-0.11,416546,0

0.92,2.80,0.28,416558,0

0.35,2.47,-1.34,416569,0

0.02,2.52,-1.25,416579,0

0.29,4.29,-1.98,416591,0

0.25,2.83,-2.24,416603,0

0.89,3.61,-2.05,416614,0

1.37,3.48,-1.37,416626,0

1.84,3.71,-0.93,416637,0

2.99,4.29,0.61,416649,0

3.65,4.91,0.74,416660,0

3.71,4.90,0.48,416671,0

4.25,5.04,0.90,416685,0

5.72,6.40,2.15,416697,0

6.69,8.10,2.42,416708,0

6.77,10.54,3.27,416724,0

3.47,12.07,4.16,416737,0

1.37,15.60,6.13,416748,0

3.73,16.34,5.12,416759,0

6.38,14.84,4.18,416771,0

6.82,14.33,1.91,416783,0

8.78,14.46,1.84,416795,0

23.79,10.34,-0.45,416806,0

15.99,-6.24,-3.44,416818,0

5.03,6.92,0.99,416829,0

17.74,-0.85,-4.55,416840,0

17.31,2.93,-1.35,416851,0

17.02,7.04,-1.92,416863,0

16.86,5.10,-1.90,416875,0

15.32,0.60,-1.54,416887,0

14.55,-1.59,-1.15,416899,0

14.45,-1.54,-1.08,416910,0

14.52,1.02,-1.30,416921,0

13.03,1.76,-1.15,416945,0

12.09,1.74,-0.96,416956,0

10.41,2.43,-0.93,416967,0

8.22,3.38,-0.67,416978,0

7.28,3.85,-0.39,416990,0

6.35,5.77,0.00,417001,0

5.62,6.93,0.13,417012,0

4.70,7.90,0.25,417025,0

2.78,8.74,0.07,417037,0

0.12,9.48,-0.39,417049,0

-1.29,10.18,-0.60,417059,0

-4.32,10.36,-0.78,417071,0

-6.18,10.96,-0.91,417083,0

-8.44,12.41,-0.80,417096,0

-11.04,13.87,-0.52,417107,0

-18.31,14.93,1.85,417119,0

-21.43,11.93,2.31,417130,0

-23.98,8.27,2.44,417141,0

-27.67,5.88,1.07,417156,0

-30.29,5.69,0.29,417168,0

-38.68,6.93,-2.29,417179,0

-37.20,0.49,0.51,417189,0

-32.24,-7.72,2.41,417201,0

-26.74,-11.28,2.33,417212,0

-22.31,-6.04,2.64,417225,0

-12.00,9.28,9.99,417238,0

-3.25,-1.16,0.08,417249,0

-5.39,18.97,-10.81,417260,0

-7.27,12.01,-8.48,417271,0

-9.01,10.26,-7.75,417284,0

-8.94,7.48,-2.68,417296,0

-5.39,2.56,0.00,417307,0

-6.60,-4.22,6.29,417319,0

-1.10,1.68,-1.75,417330,0

-0.15,-0.53,0.07,417341,0

-2.42,-0.97,1.61,417356,0

-0.79,-1.33,2.07,417368,0

-0.65,0.29,-0.17,417379,0

-0.70,0.27,-0.22,417390,0

-0.69,0.60,-0.69,417401,0

-0.74,0.64,-0.79,417413,0

-0.36,0.53,-0.70,417425,0

-0.39,0.63,-0.76,417437,0

-0.13,-0.01,0.00,417449,0

0.02,0.28,-0.09,417460,0

0.20,0.29,0.04,417471,0

-0.13,0.06,-0.16,417483,0

-0.11,-0.26,0.13,417496,0

0.01,-0.74,0.87,417507,0

-0.46,-0.55,0.31,417518,0

-0.59,-0.08,-0.24,417529,0

-0.28,-0.07,-0.14,417541,0

-0.30,0.13,-0.08,417552,0

-0.29,-0.23,0.05,417566,0

-0.29,-0.84,0.64,417579,0

-0.53,-0.02,-0.29,417590,0

-0.32,-0.07,-0.04,417601,0

-0.20,-0.40,0.37,417612,0

-0.34,-0.39,0.16,417623,0

-0.33,-0.18,-0.16,417636,0

-0.39,0.04,-0.35,417648,0

0.03,0.30,0.07,417659,0

0.17,1.03,-0.06,417671,0

0.19,1.71,-0.33,417682,0

-0.45,2.14,-1.55,417693,0

0.16,2.70,-0.64,417704,0

0.32,1.86,-0.39,417716,0

-0.22,0.79,-0.78,417728,0

0.46,1.97,-0.50,417739,0

0.60,1.76,-0.50,417751,0

0.74,2.82,-0.90,417762,0

0.53,2.47,-1.60,417778,0

0.38,2.75,-2.02,417789,0

0.62,3.68,-2.06,417801,0

1.96,3.58,-0.26,417812,0

2.44,3.62,0.23,417823,0

3.22,3.81,0.87,417836,0

3.63,3.49,1.50,417848,0

3.56,5.08,0.58,417860,0

4.85,6.33,0.92,417870,0

5.61,7.64,1.35,417882,0

5.50,11.54,0.75,417894,0

5.01,13.43,0.91,417905,0

2.59,13.80,1.20,417916,0

2.13,18.90,1.81,417929,0

2.31,15.88,2.66,417940,0

5.27,14.77,2.33,417951,0

8.05,13.49,0.93,417963,0

12.94,14.57,1.04,417975,0

21.11,14.62,-1.23,417990,0

9.69,4.64,1.71,418000,0

16.77,5.78,-1.65,418012,0

19.19,-0.12,-1.72,418023,0

19.28,1.16,-0.24,418036,0

16.88,6.69,-0.99,418049,0

15.98,4.25,-0.70,418060,0

13.28,0.23,-0.84,418071,0

12.13,-1.51,-0.85,418082,0

12.16,-0.33,-0.72,418094,0

12.22,1.15,-0.39,418105,0

12.09,1.88,-0.06,418116,0

11.81,1.92,0.37,418128,0

11.19,1.78,0.50,418140,0

9.72,2.03,0.93,418151,0

8.72,3.38,1.12,418162,0

8.16,4.13,1.35,418174,0

7.51,5.38,1.31,418187,0

4.47,7.84,1.10,418201,0

3.11,8.43,0.98,418212,0

1.68,9.08,0.76,418225,0

-1.29,9.99,-0.23,418237,0

-3.22,9.77,-0.69,418249,0

-6.74,9.02,-1.08,418260,0

-8.99,10.74,-0.14,418272,0

-10.40,13.01,0.05,418283,0

-11.86,14.95,0.85,418295,0

-13.65,15.36,1.88,418307,0

-17.56,12.82,3.35,418318,0

-20.45,9.96,3.36,418330,0

-25.86,6.63,1.62,418341,0

-32.63,7.64,0.59,418353,0

-38.50,9.34,-1.31,418364,0

-41.79,8.98,-2.14,418376,0

-39.70,3.37,-0.66,418388,0

-28.82,-11.96,0.50,418401,0

-19.89,-0.41,1.36,418415,0

-9.43,19.99,14.68,418428,0

0.57,-5.20,8.63,418440,0

-1.17,18.24,-15.94,418451,0

-5.25,12.82,-6.09,418462,0

-6.79,8.03,-3.90,418473,0

-4.94,6.92,-6.39,418487,0

-4.51,2.84,-0.46,418499,0

-7.52,-2.48,6.19,418510,0

0.80,3.11,-3.67,418522,0

1.96,0.93,-2.37,418533,0

-1.99,-1.38,2.19,418545,0

-0.54,-2.05,2.69,418556,0

0.46,-0.60,0.63,418568,0

-0.69,1.25,-1.17,418580,0

-0.87,1.28,-1.33,418591,0

-0.83,0.28,-0.50,418603,0

-0.30,0.27,-0.49,418617,0

-0.66,0.85,-0.89,418629,0

-0.43,0.10,-0.20,418640,0

-0.27,0.28,-0.40,418652,0

0.04,-0.53,0.69,418663,0

0.00,-0.66,0.78,418675,0

-0.15,-0.18,0.24,418688,0

-0.02,-0.87,0.47,418700,0

-0.32,0.41,-0.44,418711,0

-0.47,0.00,-0.27,418722,0

-0.45,0.00,-0.35,418734,0

-0.43,0.06,-0.33,418745,0

-0.32,-0.39,0.10,418756,0

-0.27,-0.70,0.54,418767,0

-0.29,-0.54,0.36,418780,0

-0.41,0.02,-0.31,418791,0

-0.45,0.05,-0.35,418802,0

-0.39,0.02,-0.30,418813,0

-0.26,0.08,-0.35,418830,0

-0.28,0.28,-0.58,418841,0

-0.24,0.54,-0.42,418852,0

-0.36,0.81,-0.66,418864,0

-0.27,0.94,-0.66,418875,0

-0.38,0.36,-0.44,418887,0

-0.33,0.58,-0.17,418900,0

0.08,0.98,0.11,418912,0

0.80,2.26,0.06,418923,0

0.72,3.02,-0.29,418933,0

-0.10,1.63,-1.17,418946,0

0.38,3.48,-1.09,418957,0

-0.03,3.14,-1.98,418968,0

0.65,3.93,-2.30,418980,0

1.26,3.41,-1.32,418992,0

1.95,4.24,-0.82,419003,0

2.95,4.39,0.67,419014,0

3.62,4.56,1.50,419025,0

3.75,3.82,1.32,419041,0

4.57,6.12,1.16,419052,0

5.52,5.76,1.60,419063,0

6.64,7.56,2.16,419075,0

5.69,10.79,2.36,419088,0

5.90,12.78,2.28,419100,0

2.00,15.78,2.83,419111,0

1.52,14.32,3.14,419123,0

3.58,16.28,3.08,419134,0

7.84,13.99,2.13,419145,0

6.49,13.40,1.67,419156,0

17.46,15.75,-0.10,419168,0

25.67,5.90,0.17,419180,0

31.89,-12.06,-4.67,419192,0

15.73,-0.96,-2.57,419203,0

19.24,-0.71,-2.48,419214,0

18.04,5.38,-0.25,419225,0

17.69,9.06,-0.75,419238,0

16.21,1.49,0.00,419253,0

15.00,-0.73,-0.45,419264,0

14.17,-2.09,-0.73,419275,0

13.66,-0.74,-1.69,419288,0

13.68,0.54,-1.67,419301,0

13.45,1.47,-1.60,419312,0

11.87,2.79,-2.02,419323,0

11.01,3.27,-2.14,419335,0

10.00,3.85,-1.97,419346,0

8.27,5.29,-1.74,419357,0

7.30,6.08,-1.58,419368,0

6.32,6.82,-1.43,419381,0

5.34,7.46,-1.33,419392,0

2.40,9.49,-1.03,419403,0

1.03,10.27,-0.89,419415,1

-0.76,11.04,-0.85,419426,1

-4.95,11.63,-0.91,419438,1

-8.05,11.76,-1.22,419451,1

-13.31,14.41,-0.76,419466,1

-16.72,14.17,1.51,419479,1

-18.58,13.79,2.53,419491,1

-21.81,10.84,3.96,419503,1

-24.34,7.46,3.95,419514,1

-25.96,6.58,3.76,419525,1

-28.31,7.07,2.73,419537,1

-33.23,8.92,0.12,419551,1

-37.68,3.22,-0.47,419561,0

-30.62,-9.39,1.64,419572,0

-25.55,7.39,13.99,419584,0

-7.01,-19.56,6.16,419595,0

-8.13,22.36,-12.56,419606,0

-8.12,26.27,-18.37,419617,0

-1.38,5.64,-0.10,419630,0

-10.79,12.04,-8.95,419642,0

-3.75,2.56,-1.81,419653,0

-6.81,-0.05,3.07,419668,0

-5.64,-4.05,6.40,419681,0

-0.76,-0.76,0.70,419692,0

-1.82,-1.66,2.21,419703,0

-1.10,-1.62,2.56,419715,0

0.59,-1.37,1.73,419726,0

-0.15,-0.20,0.16,419738,0

-0.45,0.19,-0.21,419751,0

-0.58,0.70,-0.81,419763,0

-0.49,0.22,-0.39,419774,0

-0.55,0.69,-0.74,419784,0

-0.42,0.22,-0.16,419796,0

-0.17,-0.02,0.02,419808,0

-0.37,0.55,-0.68,419818,0

-0.31,0.01,-0.13,419831,0

-0.29,-0.30,0.08,419843,0

-0.11,-0.64,0.61,419854,0

-0.23,-0.44,0.33,419868,0

-0.20,-0.41,0.28,419881,0

-0.22,-0.30,0.10,419893,0

-0.42,0.13,-0.41,419904,0

-0.40,0.17,-0.42,419915,0

-0.33,0.08,-0.24,419927,0

-0.29,-0.09,-0.15,419939,0

-0.39,-0.02,-0.25,419951,0

-0.41,-0.04,-0.22,419962,0

-0.24,-0.28,0.07,419974,0

-0.28,-0.21,-0.06,419985,0

-0.38,0.02,-0.32,419996,0

-0.36,0.10,-0.35,420007,0

-0.25,0.44,-0.58,420019,0

-0.28,0.49,-0.58,420031,0

-0.37,0.46,-0.65,420043,0

-0.24,0.14,-0.11,420054,0

-0.06,0.44,-0.16,420065,0

-0.28,0.90,-0.44,420081,0

0.14,1.22,-0.18,420093,0

0.38,3.12,-0.52,420104,0

0.04,2.55,-1.40,420115,0

0.10,2.58,-1.21,420126,0

0.48,3.10,-1.49,420140,0

0.73,3.55,-1.54,420152,0

1.00,3.55,-1.65,420163,0

1.78,4.33,-0.93,420174,0

2.58,4.16,-0.34,420186,0

3.19,4.20,0.68,420197,0

3.65,4.34,1.22,420208,0

3.67,5.18,0.81,420219,0

4.45,6.29,0.48,420232,0

4.90,6.03,1.12,420244,0

6.53,8.73,2.39,420254,0

6.50,10.96,3.07,420265,0

6.78,12.86,3.51,420278,0

1.08,12.39,3.09,420304,0

3.07,15.74,3.12,420316,0

6.74,12.62,1.76,420327,0

9.70,14.12,1.29,420339,0

16.60,16.11,1.35,420353,0

25.74,10.73,0.97,420364,0

8.35,8.09,1.58,420375,0

17.62,1.01,-2.18,420386,0

19.95,-0.52,-2.08,420398,0

17.48,9.72,-0.59,420409,0

16.59,6.22,-0.19,420420,0

15.50,2.91,-0.27,420432,0

13.77,0.01,-0.38,420444,0

12.75,-0.94,-0.62,420455,0

12.83,0.72,-0.86,420466,0

12.87,1.55,-0.76,420478,0

12.36,1.02,-0.64,420491,0

12.10,0.56,-0.47,420503,0

11.31,2.31,0.06,420517,0

10.66,4.63,0.33,420531,0

9.75,5.92,0.53,420543,0

6.02,7.47,0.89,420554,0

4.07,7.85,0.70,420566,0

2.23,8.21,0.38,420577,0

0.73,8.77,-0.14,420589,0

-1.31,9.67,-0.59,420601,0

-2.55,9.83,-0.81,420613,0

-5.08,10.86,-0.59,420625,0

-7.82,13.51,0.32,420635,0

-9.92,14.55,0.88,420646,0

-12.03,16.00,1.13,420658,0

-14.22,16.01,1.65,420669,0

-18.67,13.45,2.02,420681,0

-21.90,11.13,1.56,420694,0

-28.22,6.57,0.04,420705,0

-34.50,5.90,0.32,420716,0

-39.17,8.25,-0.88,420732,0

-41.78,9.71,-2.58,420744,0

-29.45,-11.09,0.44,420755,0

-24.56,-9.95,0.46,420766,0

-21.36,-1.24,0.37,420777,0

1.35,21.71,15.34,420791,0

6.68,-10.16,12.63,420803,0

-3.47,17.97,-13.59,420814,0

-5.58,9.98,-7.23,420826,0

-6.29,7.22,-4.95,420837,0

-5.07,7.74,-4.56,420849,0

-3.96,4.12,-2.62,420860,0

-7.76,0.17,3.11,420872,0

-7.07,-3.63,7.03,420884,0

1.02,3.69,-4.91,420895,0

-1.77,-0.77,1.19,420907,0

-1.42,-1.02,1.66,420918,0

0.06,-1.84,2.29,420933,0

-0.58,-0.67,0.84,420944,0

-0.57,0.77,-0.69,420956,0

-0.57,0.20,-0.26,420967,0

-0.25,-0.34,0.30,420979,0

-0.64,0.92,-1.13,420992,0

-0.47,0.63,-0.67,421004,0

-0.27,-0.02,0.03,421015,0

-0.21,0.14,-0.15,421026,0

-0.09,-0.59,0.65,421038,0

-0.11,-0.24,0.37,421050,0

-0.01,-1.04,0.84,421061,0

-0.32,-0.13,-0.04,421071,0

-0.18,-0.63,0.47,421084,0

-0.33,-0.20,-0.06,421095,0

-0.55,0.04,-0.44,421106,0

-0.46,-0.22,-0.17,421117,0

-0.50,-0.16,-0.19,421129,0

-0.32,-0.22,-0.13,421144,0

-0.51,0.07,-0.42,421155,0

-0.52,0.06,-0.37,421167,0

-0.39,0.02,-0.29,421178,0

-0.24,-0.16,-0.04,421190,0

-0.22,-0.29,0.12,421202,0

-0.25,-0.21,0.06,421214,0

-0.51,0.45,-0.78,421225,0

-0.44,0.33,-0.59,421236,0

-0.12,0.36,-0.30,421248,0

-0.06,0.31,0.00,421259,0

-0.05,0.15,0.18,421270,0

-0.36,0.69,-0.27,421282,0

0.23,1.97,-0.35,421295,0

0.49,3.20,-0.81,421306,0

-0.59,2.41,-2.03,421317,0

-0.15,4.41,-2.53,421328,0

0.27,4.00,-2.82,421341,0

1.10,3.93,-2.27,421355,0

2.11,3.82,-0.09,421366,0

3.15,4.12,1.05,421378,0

3.30,4.99,1.08,421390,0

3.57,5.38,0.63,421402,0

3.61,5.33,0.42,421413,0

5.24,7.43,1.67,421426,0

6.89,8.81,1.23,421437,0

6.43,12.80,3.15,421448,0

5.64,14.31,3.75,421458,0

2.01,16.78,4.03,421470,0

0.85,16.28,4.35,421483,0

2.50,13.28,3.04,421495,0

6.46,13.59,1.37,421507,0

8.12,14.34,1.58,421517,0

23.87,13.40,-0.49,421528,0

30.44,-8.49,-2.33,421540,0

16.37,-8.64,-3.38,421554,0

17.82,-2.62,-3.37,421568,0

17.60,2.22,0.06,421580,0

17.02,8.81,-1.08,421593,0

17.01,8.16,-0.56,421605,0

13.46,-0.81,-0.03,421616,0

12.92,-3.08,-0.16,421627,0

13.04,-3.21,-0.29,421639,0

13.85,1.09,-0.08,421652,0

13.82,2.64,0.33,421663,0

13.26,3.17,0.65,421675,0

10.43,1.99,0.47,421686,0

9.49,2.07,0.48,421697,0

8.62,2.78,0.56,421708,0

7.76,3.83,0.63,421720,0

6.58,5.78,0.44,421732,0

5.83,6.44,0.32,421745,0

3.32,7.38,0.02,421756,0

2.27,7.75,-0.28,421768,0

1.29,8.20,-0.47,421784,0

0.26,9.20,-0.74,421795,0

-3.25,10.73,-0.45,421807,0

-4.85,10.98,-0.53,421818,0

-6.72,11.71,-0.41,421829,0

-10.51,14.43,0.46,421841,0

-13.17,16.83,0.81,421855,0

-16.41,16.97,1.44,421866,0

-27.00,7.55,2.13,421877,0

-30.13,6.10,1.01,421888,0

-33.29,5.86,-0.54,421900,0

-38.12,6.23,-3.12,421911,0

-43.22,6.34,-5.94,421922,0

-39.88,1.24,-2.99,421935,0

-34.19,-6.79,-0.81,421946,0

-12.06,18.76,19.18,421957,0

4.03,-24.50,-9.27,421968,0

3.50,-5.30,8.55,421985,0

-2.37,18.90,-14.64,421996,0

-13.62,14.65,-11.53,422007,0

-14.18,8.68,0.10,422019,0

-4.63,3.11,-0.74,422030,0

-4.29,3.06,-1.76,422042,0

-4.43,1.08,-0.31,422055,0

-4.65,-3.02,4.20,422067,0

-0.25,-0.76,0.69,422078,0

-1.30,-1.13,1.28,422089,0

-0.49,-1.11,1.29,422102,0

-0.33,-0.60,0.61,422112,0

-0.57,0.58,-0.47,422123,0

-0.34,0.07,-0.11,422135,0

-0.41,0.23,-0.41,422147,0

-0.34,0.34,-0.45,422158,0

-0.55,0.53,-0.69,422169,0

-0.43,0.43,-0.61,422181,0

-0.24,0.00,-0.14,422197,0

-0.19,-0.19,0.07,422207,0

-0.19,-0.29,0.27,422218,0

-0.07,-0.39,0.42,422230,0

-0.13,0.00,-0.03,422242,0

-0.24,-0.24,0.04,422255,0

-0.32,-0.19,-0.01,422266,0

-0.38,-0.19,-0.07,422278,0

-0.49,-0.03,-0.33,422288,0

-0.48,0.02,-0.39,422299,0

-0.47,0.04,-0.36,422310,0

-0.38,-0.10,-0.12,422322,0

-0.30,-0.30,0.15,422334,0

-0.35,-0.25,-0.04,422346,0

-0.34,0.02,-0.22,422358,0

-0.28,-0.04,-0.16,422369,0

-0.28,-0.11,-0.07,422380,0

-0.33,0.02,-0.34,422396,0

-0.31,0.14,-0.33,422408,0

-0.21,0.43,-0.40,422419,0

-0.14,0.79,-0.44,422429,0

-0.18,0.59,-0.57,422441,0

-0.17,0.09,-0.18,422455,0

-0.05,0.76,0.00,422466,0

0.12,2.53,-0.37,422477,0

0.95,3.84,-0.40,422489,0

1.25,5.16,-0.36,422500,0

-0.06,1.50,-1.50,422510,0

0.43,4.47,-1.15,422521,0

0.54,4.37,-2.67,422535,0

1.04,4.50,-2.11,422547,0

1.52,4.09,-1.27,422558,0

2.10,4.43,-0.77,422568,0

3.12,5.11,0.19,422580,0

3.94,5.35,0.53,422592,0

4.19,5.34,0.77,422607,0

6.49,7.48,3.02,422619,0

7.01,8.97,2.87,422630,0

7.15,11.33,3.12,422642,0

3.31,13.53,3.11,422654,0

-0.53,15.91,3.10,422666,0

1.46,18.45,2.73,422677,0

5.24,12.28,1.73,422688,0

6.68,11.78,0.97,422700,0

10.77,15.21,0.50,422711,0

19.76,17.50,-1.48,422722,0

27.83,-16.26,-3.12,422734,0

7.83,-0.55,-0.15,422747,0

18.87,0.06,-3.27,422758,0

18.89,5.71,-1.25,422769,0

18.06,8.03,-1.41,422780,0

17.38,5.65,-0.56,422793,0

16.29,3.32,-0.85,422805,0

13.08,-1.96,-0.88,422820,0

12.94,-1.32,-0.87,422832,0

12.93,0.11,-0.88,422844,0

12.79,1.43,-0.35,422857,0

12.32,1.40,-0.07,422868,0

10.78,1.60,0.18,422879,0

9.41,2.53,0.31,422890,0

8.72,3.05,0.43,422902,0

8.04,3.81,0.68,422914,0

7.04,5.83,1.04,422925,0

6.03,6.87,1.17,422937,0

2.98,8.03,1.30,422948,0

0.63,9.05,1.46,422960,0

-0.80,9.52,1.54,422971,0

-2.20,10.03,1.72,422983,0

-3.68,10.21,2.03,422995,0

-5.95,11.09,3.40,423008,0

-9.56,13.89,4.04,423019,0

-11.28,15.13,4.38,423035,0

-15.35,14.40,5.92,423048,0

-20.98,9.46,4.38,423059,0

-23.03,6.98,2.85,423070,0

-26.54,5.15,0.90,423080,0

-30.92,6.17,-0.73,423094,0

-37.03,7.62,-3.10,423106,0

-39.19,6.32,-2.45,423117,0

-28.00,-10.01,0.14,423129,0

-24.28,-7.52,-0.64,423140,0

-21.61,-0.83,-0.68,423151,0

-15.64,3.32,0.23,423162,0

-10.48,6.06,5.25,423173,0

6.29,-12.77,-7.11,423186,0

1.56,26.20,-25.85,423198,0

-6.52,13.67,-14.03,423209,0

-8.61,10.15,-6.67,423220,0

-6.41,2.96,0.38,423231,0

-6.75,1.26,3.33,423247,0

-3.72,-2.25,4.25,423259,0

0.33,1.97,-2.91,423270,0

-0.38,-1.71,1.93,423281,0

-1.70,-1.47,2.12,423293,0

-0.58,-1.92,2.25,423306,0

-0.24,0.48,-0.77,423317,0

-0.64,-0.73,0.79,423328,0

-0.35,0.10,-0.16,423340,0

-0.56,0.43,-0.59,423351,0

-0.60,0.89,-1.07,423362,0

-0.40,0.62,-0.79,423373,0

-0.37,0.28,-0.37,423386,0

-0.32,0.44,-0.70,423398,0

0.05,-0.20,0.41,423409,0

0.23,-0.28,0.43,423420,0

-0.01,-1.31,0.92,423432,0

-0.23,-0.50,0.50,423448,0

-0.11,-0.70,0.58,423459,0

-0.28,-0.32,0.09,423471,0

-0.32,-0.57,0.36,423481,0

-0.32,-0.60,0.24,423493,0

-0.51,-0.28,-0.01,423506,0

-0.33,-0.33,0.09,423517,0

-0.27,-0.35,0.21,423529,0

-0.42,-0.40,0.07,423540,0

-0.43,-0.24,-0.09,423552,0

-0.38,-0.03,-0.20,423562,0

-0.42,0.05,-0.29,423573,0

-0.33,0.17,-0.46,423586,0

-0.31,0.38,-0.68,423599,0

-0.34,0.48,-0.73,423610,0

-0.32,0.65,-0.64,423620,0

-0.16,0.10,-0.07,423631,0

-0.06,0.15,-0.08,423644,0

0.87,2.42,0.34,423666,0

0.62,2.74,0.05,423678,0

0.01,2.28,-1.40,423690,0

-0.50,2.88,-2.67,423700,0

-0.24,4.31,-2.28,423711,0

0.13,4.57,-2.73,423723,0

1.18,3.81,-2.25,423736,0

1.35,2.65,-0.91,423748,0

2.98,5.15,0.31,423759,0

3.58,4.20,1.67,423771,0

3.76,5.24,1.34,423782,0

4.32,6.75,0.50,423794,0

5.19,6.92,1.06,423808,0

6.81,8.28,2.53,423819,0

7.23,11.05,2.85,423830,0

6.12,12.33,3.11,423840,0

-0.20,15.37,4.21,423852,0

0.12,14.63,4.38,423863,0

2.68,13.44,3.49,423878,0

6.89,13.66,2.71,423889,0

13.67,13.24,1.11,423901,0

20.84,13.49,1.63,423912,0

25.06,-1.71,1.65,423923,0

7.62,9.15,1.40,423936,0

13.84,3.63,0.74,423949,0

17.61,1.26,-0.40,423960,0

17.42,5.58,-0.32,423971,0

17.37,3.40,0.11,423983,0

16.40,2.03,0.08,423994,0

15.67,-0.36,0.54,424007,0

15.47,-0.02,0.55,424018,0

15.26,1.01,0.42,424030,0

14.47,1.64,0.22,424041,0

13.42,2.58,0.03,424052,0

12.62,2.99,0.00,424064,0

11.58,3.41,-0.13,424074,0

9.77,4.74,-0.39,424089,0

7.01,6.32,-0.54,424100,0

5.75,6.92,-0.52,424112,0

3.53,8.63,-0.71,424123,0

2.15,8.70,-0.92,424135,0

1.10,8.54,-1.30,424147,0

0.10,8.51,-1.45,424160,0

-1.99,10.24,-1.33,424171,0

-3.12,10.84,-1.28,424182,0

-4.53,11.89,-1.27,424194,0

-8.56,14.16,-1.21,424206,0

-10.90,14.97,-1.04,424217,0

-13.65,15.01,-0.88,424229,0

-22.42,8.70,0.56,424241,0

-24.60,7.85,1.34,424252,0

-26.65,7.77,2.45,424263,0

-28.58,7.86,3.32,424273,0

-35.51,9.24,0.53,424287,0

-39.60,2.99,-2.83,424301,0

-37.10,-3.20,-1.46,424312,0

-27.55,-9.25,-0.12,424324,0

-23.59,-2.24,0.43,424336,0

-19.87,2.81,1.57,424349,0

-1.86,-19.72,-8.70,424360,0

-0.52,15.52,-10.90,424372,0

-0.30,16.19,-12.81,424383,0

-9.97,12.61,-11.26,424395,0

-8.18,7.34,-2.96,424408,0

-4.91,6.27,-3.57,424419,0

-5.44,2.03,1.95,424430,0

-5.33,-3.24,4.90,424441,0

-0.95,3.25,-3.19,424453,0

0.73,1.90,-2.80,424464,0

-1.36,-1.35,2.02,424475,0

-0.13,-1.53,1.95,424487,0

-0.52,0.29,-0.14,424502,0

-0.52,0.08,0.07,424513,0

-0.90,0.50,-0.62,424524,0

-0.49,0.03,-0.02,424537,0

-0.37,0.62,-0.66,424550,0

-0.08,-0.09,0.24,424561,0

-0.10,-0.01,0.15,424572,0

-0.19,0.40,-0.28,424584,0

0.06,0.47,0.04,424596,0

-0.22,0.29,-0.26,424608,0

-0.26,-0.06,0.08,424620,0

-0.15,-0.73,0.79,424631,0

-0.30,-0.20,0.18,424642,0

-0.33,-0.51,0.36,424653,0

-0.57,-0.40,0.11,424665,0

-0.46,-0.57,0.32,424675,0

-0.34,-0.73,0.63,424688,0

-0.23,-0.76,0.61,424700,0

-0.34,-0.22,0.20,424715,0

-0.34,-0.12,0.11,424726,0

-0.32,-0.11,0.17,424738,0

-0.36,0.15,-0.23,424751,0

-0.43,0.00,-0.07,424762,0

-0.35,0.01,0.00,424773,0

-0.55,0.56,-0.63,424784,0

-0.46,0.66,-0.69,424797,0

-0.37,0.68,-0.53,424809,0

-0.19,0.62,-0.18,424820,0

0.51,1.35,0.56,424832,0

0.81,2.43,-0.03,424843,0

0.15,1.42,-0.36,424854,0

0.98,3.83,0.11,424865,0

-0.21,1.51,-0.96,424877,0

-0.21,2.33,-1.19,424889,0

0.74,4.76,-1.62,424901,0

0.93,4.38,-2.10,424912,0

1.21,3.72,-1.83,424927,0

1.85,4.41,-0.95,424939,0

2.58,4.23,-0.24,424951,0

4.10,4.85,1.31,424963,0

4.56,5.58,1.46,424974,0

5.25,6.92,1.70,424985,0

6.35,8.78,1.79,424997,0

7.10,9.75,2.28,425011,0

5.01,16.03,2.43,425022,0

1.01,16.43,2.39,425033,0

1.91,21.56,2.66,425043,0

3.11,15.28,2.61,425056,0

5.42,13.32,2.15,425067,0

7.53,13.50,0.88,425078,0

10.04,15.34,0.78,425091,0

37.15,-16.71,-3.89,425102,0

11.32,-2.92,-0.50,425113,0

13.03,7.68,0.44,425124,0

20.53,-1.44,-1.93,425141,0

17.55,6.93,-1.85,425152,0

17.08,5.07,-1.04,425163,0

14.63,2.21,-1.19,425175,0

13.52,-0.18,-0.90,425186,0

12.74,-1.27,-1.31,425199,0

12.56,-0.29,-1.56,425211,0

12.30,1.79,-1.06,425223,0

11.78,2.24,-0.77,425234,0

10.38,2.48,-0.50,425244,0

9.40,2.34,-0.32,425256,0

8.47,2.28,-0.09,425268,0

7.67,2.60,0.21,425279,0

6.81,4.69,0.43,425291,0

4.71,7.01,0.64,425303,0

3.46,7.67,0.96,425314,0

1.88,8.43,1.41,425325,0

0.78,9.39,1.40,425336,0

-0.48,10.08,1.41,425352,0

-4.40,10.54,1.57,425363,0

-5.96,10.80,1.79,425374,0

-7.83,11.82,1.88,425385,0

-9.86,13.52,1.68,425399,0

-13.78,14.14,3.17,425411,0

-19.32,10.89,4.23,425422,0

-21.91,9.49,4.15,425434,0

-26.04,7.59,3.44,425445,0

-28.60,7.16,3.41,425457,0

-33.08,8.14,1.94,425468,0

-38.98,8.94,-0.80,425480,0

-40.58,1.44,-0.51,425492,0

-32.09,-9.89,-0.04,425503,0

-23.16,-0.07,0.76,425515,0

-9.69,20.63,17.48,425525,0

-3.08,-21.59,-8.69,425537,0

2.29,-1.54,6.02,425549,0

-6.21,14.50,-9.79,425565,0

-9.96,14.21,-12.62,425576,0

-7.80,8.50,-4.56,425588,0

-4.89,1.58,2.34,425601,0

-4.75,-0.17,3.15,425613,0

-4.15,-3.49,5.47,425624,0

0.76,0.98,-1.70,425635,0

-1.13,-1.56,2.07,425647,0

-1.81,-1.15,2.00,425660,0

0.00,-1.25,1.65,425671,0

-0.63,0.80,-0.80,425682,0

-0.93,0.57,-0.54,425694,0

-0.78,0.13,-0.16,425705,0

-0.32,0.92,-0.82,425716,0

-0.57,0.49,-0.20,425726,0

-0.18,-0.55,0.84,425740,0

-0.08,0.05,0.02,425752,0

-0.33,-0.37,0.51,425766,0

-0.27,-0.03,0.22,425778,0

-0.22,-0.31,0.33,425790,0

-0.16,-1.00,0.80,425802,0

-0.45,0.08,-0.23,425814,0

-0.41,0.21,-0.27,425825,0

-0.35,-0.06,0.00,425836,0

-0.33,-0.02,-0.09,425848,0

-0.45,0.04,-0.21,425861,0

-0.30,-0.58,0.48,425872,0

-0.32,-0.50,0.48,425883,0

-0.35,-0.41,0.32,425894,0

-0.34,-0.28,0.22,425906,0

-0.44,-0.03,-0.13,425917,0

-0.46,0.06,-0.20,425927,0

-0.45,0.09,-0.23,425940,0

-0.37,0.37,-0.55,425953,0

-0.32,0.76,-0.61,425964,0

-0.34,0.74,-0.57,425978,0

-0.37,0.35,-0.20,425991,0

-0.30,0.89,-0.47,426003,0

0.13,2.10,0.08,426014,0

0.50,2.30,0.00,426025,0

0.90,2.83,0.19,426036,0

0.12,1.57,-0.68,426049,0

0.37,2.91,-1.12,426061,0

0.50,2.94,-1.12,426073,0

1.05,3.65,-1.70,426084,0

1.17,4.52,-1.90,426095,0

1.99,4.97,-1.23,426106,0

2.55,4.78,-0.26,426118,0

3.29,5.00,0.25,426129,0

3.75,5.25,0.87,426141,0

4.71,6.33,1.08,426153,0

6.17,6.16,2.38,426165,0

6.18,9.51,2.97,426175,0

7.17,12.46,3.56,426191,0

5.64,13.17,4.05,426204,0

3.76,14.41,4.46,426215,0

2.01,13.98,4.33,426226,0

5.94,15.67,4.03,426236,0

8.26,14.24,2.62,426250,0

13.08,15.54,1.42,426262,0

19.99,18.39,1.22,426273,0

31.09,-14.97,-5.50,426285,0

8.45,3.04,2.04,426296,0

16.91,-2.25,-3.99,426307,0

18.20,-0.83,-2.32,426318,0

16.76,5.33,-0.34,426330,0

16.98,7.01,-1.12,426343,0

14.36,0.99,-0.95,426354,0

13.25,-2.47,-1.27,426365,0

13.35,-2.06,-1.21,426377,0

13.47,-0.37,-1.36,426388,0

13.46,1.33,-1.46,426403,0

11.81,1.96,-0.75,426415,0

10.75,1.74,-0.56,426426,0

9.94,1.63,-0.04,426437,0

9.15,3.83,0.62,426449,0

8.46,5.30,1.20,426463,0

7.50,7.13,1.68,426474,0

2.98,8.61,1.74,426485,0

1.37,8.22,1.13,426496,0

0.15,8.38,0.50,426508,0

-0.94,8.34,0.00,426519,0

-2.25,8.99,-0.22,426529,0

-3.39,10.03,-0.18,426543,0

-4.87,10.76,-0.17,426554,0

-11.55,13.38,-1.28,426565,0

-13.57,13.40,-0.40,426576,0

-16.07,11.92,0.61,426589,0

-18.23,10.63,1.01,426601,0

-23.21,8.27,2.75,426615,0

-25.42,7.47,3.71,426627,0

-27.69,6.96,4.38,426638,0

-35.49,9.17,0.25,426651,0

-38.64,8.13,-2.22,426663,0

-30.56,-8.57,-0.67,426675,0

-23.16,-6.76,1.54,426686,0

-25.24,5.29,11.93,426697,0

-8.60,-15.84,-1.29,426710,0

-7.42,24.71,-18.49,426721,0

-0.58,16.77,-15.65,426732,0

-2.19,4.78,-3.61,426744,0

-5.41,7.80,-5.43,426756,0

-2.76,3.11,-3.16,426766,0

-5.34,0.32,2.83,426777,0

-5.40,0.21,3.26,426790,0

-2.86,-2.41,3.93,426803,0

0.36,0.68,-1.20,426817,0

-0.74,-1.34,1.84,426828,0

-0.76,-1.12,1.70,426841,0

0.02,-0.22,0.27,426854,0

-0.67,0.00,-0.15,426865,0

-0.64,0.44,-0.28,426876,0

-0.78,0.01,-0.11,426887,0

-0.63,0.30,-0.46,426899,0

-0.33,0.52,-0.58,426912,0

-0.50,0.48,-0.35,426923,0

-0.41,-0.07,0.12,426935,0

-0.26,-0.07,0.12,426946,0

-0.25,-0.12,0.21,426957,0

-0.32,-0.36,0.19,426968,0

-0.03,-1.03,1.11,426979,0

-0.26,-0.20,0.11,426992,0

-0.28,-0.19,0.15,427004,0

-0.33,0.00,-0.02,427015,0

-0.46,-0.14,-0.02,427044,0

-0.34,-0.16,0.05,427056,0

-0.42,-0.03,-0.04,427066,0

-0.41,0.00,-0.02,427077,0

-0.33,-0.12,0.15,427088,0

-0.22,-0.27,0.31,427101,0

-0.42,0.23,-0.37,427113,0

-0.26,0.15,-0.16,427125,0

-0.14,0.00,0.06,427136,0

-0.32,0.26,-0.26,427147,0

0.00,0.69,-0.16,427158,0

-0.17,0.46,-0.17,427169,0

-0.12,0.32,0.08,427181,1

-0.23,1.35,-0.50,427193,1

-0.16,1.63,-0.19,427205,1

0.41,2.22,0.23,427216,1

0.62,2.51,-0.28,427228,1

0.04,2.16,-0.69,427238,1

0.42,3.34,-0.98,427254,1

0.85,3.74,-1.96,427266,1

0.91,3.08,-1.39,427277,1

1.21,4.27,-1.62,427288,1

2.37,4.37,-0.40,427300,1

2.93,4.85,0.57,427313,1

3.50,4.54,0.45,427324,1

4.92,6.68,1.22,427335,1

5.96,6.32,1.94,427346,1

7.24,7.47,2.23,427358,1

7.39,9.41,2.33,427369,1

5.90,14.23,2.87,427380,1

3.08,13.84,2.83,427393,1

0.04,16.45,2.78,427405,1

2.87,13.18,2.66,427416,1

5.04,11.87,2.95,427427,0

5.69,12.91,2.07,427439,0

10.30,14.85,1.85,427451,0

34.41,-13.61,-0.41,427466,0

9.29,-3.79,-0.15,427478,0

13.15,6.48,1.40,427489,0

18.00,-2.42,-0.88,427501,0

17.72,1.70,0.15,427513,0

16.49,5.97,-0.99,427525,0

13.43,2.33,-0.44,427536,0

12.28,-0.31,-0.15,427547,0

11.68,-1.71,-0.06,427558,0

11.84,-0.89,0.00,427570,0

12.13,0.55,0.04,427580,0

12.31,1.55,0.42,427593,0

12.23,2.11,0.77,427606,0

10.77,2.37,1.66,427617,0

10.13,2.71,1.86,427628,0

9.36,3.29,2.03,427638,0

7.67,4.32,1.77,427652,0

6.76,4.79,1.86,427664,0

4.26,7.46,1.68,427678,0

1.45,8.92,0.87,427691,0

-0.04,8.78,0.35,427704,0

-1.51,8.60,-0.16,427716,0

-4.11,7.01,-0.48,427726,0

-4.50,8.16,-0.32,427738,0

-5.21,9.96,-0.06,427750,0

-6.54,11.10,0.42,427762,0

-9.69,12.28,0.96,427773,0

-11.70,12.74,1.38,427785,0

-18.13,9.71,2.38,427796,0

-20.44,8.30,2.78,427807,0

-23.32,7.64,3.20,427819,0

-26.48,7.10,3.73,427830,0

-35.66,8.22,0.74,427842,0

-40.60,8.20,-2.28,427855,0

-38.33,-1.29,-1.77,427867,0

-28.15,-11.73,-1.14,427878,0

-13.09,5.48,7.70,427894,0

-13.15,0.66,1.33,427906,0

-3.72,28.81,-24.01,427917,0

-2.06,12.44,-7.08,427928,0

-8.82,16.79,-13.94,427939,0

-11.04,11.67,-8.92,427952,0

-3.49,3.99,-2.16,427965,0

-5.55,2.57,1.39,427976,0

-4.22,-2.18,4.44,427987,0

0.02,2.65,-3.59,427999,0

0.21,-0.13,-0.27,428010,0

-1.40,-1.93,2.81,428021,0

-1.31,-1.51,2.28,428033,0

-0.12,-0.34,0.46,428045,0

-0.87,0.88,-0.88,428057,0

-0.79,-0.42,0.52,428067,0

-0.53,0.79,-0.67,428079,0

-0.34,0.64,-0.60,428095,0

-0.65,0.99,-1.07,428106,0

-0.33,0.34,-0.36,428118,0

-0.41,0.33,-0.42,428129,0

-0.23,-0.12,0.22,428140,0

0.13,-0.44,0.62,428152,0

-0.15,-0.24,0.30,428166,0

-0.34,-0.08,-0.14,428177,0

-0.21,-0.35,0.29,428188,0

-0.22,-0.72,0.65,428198,0

-0.39,-0.34,0.18,428211,0

-0.49,-0.13,-0.03,428222,0

-0.42,-0.44,0.30,428232,0

-0.36,-0.75,0.65,428246,0

-0.33,-0.72,0.54,428257,0

-0.36,-0.17,0.10,428268,0

-0.38,0.00,-0.03,428279,0

-0.53,0.29,-0.42,428291,0

-0.45,0.17,-0.38,428306,0

-0.36,-0.02,-0.08,428317,0

-0.37,0.27,-0.35,428328,0

-0.28,0.44,-0.48,428340,0

-0.32,0.79,-0.75,428352,0

-0.26,0.76,-0.57,428364,0

-0.04,0.26,0.01,428376,0

-0.31,0.95,-0.30,428387,0

0.12,1.54,-0.10,428398,0

0.56,3.07,0.04,428409,0

0.27,3.39,-0.20,428421,0

0.44,3.14,-0.88,428432,0

-0.51,1.43,-1.23,428444,0

0.56,4.93,-1.62,428456,0

0.70,3.68,-2.31,428468,0

0.82,2.74,-1.70,428479,0

1.39,4.05,-1.22,428490,0

2.88,4.15,0.50,428503,0

3.80,5.23,0.65,428518,0

3.78,5.12,0.66,428529,0

5.22,6.29,2.37,428540,0

6.09,6.30,2.49,428553,0

6.65,7.41,2.18,428565,0

7.01,9.17,2.48,428576,0

2.90,13.84,4.21,428588,0

1.00,15.22,3.86,428599,0

1.01,16.26,4.05,428610,0

2.22,14.20,3.30,428621,0

7.30,14.15,1.65,428633,0

6.49,12.26,2.07,428645,0

9.99,14.27,0.47,428657,0

24.17,-14.62,-1.18,428668,0

13.73,-9.81,-6.62,428680,0

15.65,1.70,-0.16,428691,0

19.49,1.22,-3.20,428703,0

19.09,3.57,0.08,428716,0

17.88,2.88,0.62,428731,0

16.55,1.12,0.01,428743,0

15.36,-1.18,-0.37,428755,0

14.79,-2.35,-0.78,428768,0

13.95,0.61,-1.33,428779,0

13.41,1.26,-1.26,428790,0

12.63,1.52,-1.25,428802,0

11.11,2.16,-1.21,428814,0

10.16,2.19,-1.05,428825,0

9.32,2.81,-0.85,428837,0

6.94,5.47,-0.45,428848,0

5.94,6.12,-0.18,428859,0

4.88,6.64,0.07,428870,0

3.76,7.10,0.27,428881,0

1.96,8.11,0.58,428894,0

1.10,8.55,0.61,428907,0

-0.92,9.37,0.96,428918,0

-2.87,10.59,1.48,428930,0

-4.16,11.54,1.65,428946,0

-5.68,13.18,1.81,428958,0

-12.63,16.75,1.92,428968,0

-15.86,16.07,2.18,428980,0

-19.74,13.39,2.30,428992,0

-24.94,6.56,2.37,429004,0

-27.24,6.45,1.72,429018,0

-34.81,8.52,0.12,429028,0

-41.34,8.27,-2.30,429039,0

-38.47,2.24,-0.34,429050,0

-33.72,-7.56,0.42,429063,0

-28.65,-13.42,0.20,429074,0

-16.35,3.90,1.64,429085,0

-16.11,11.90,13.08,429097,0

-2.66,2.12,5.13,429109,0

-0.62,13.48,-8.60,429120,0

-6.27,13.80,-9.17,429131,0

-10.12,11.84,-10.73,429148,0

-5.38,2.20,1.57,429159,0

-4.72,0.63,2.26,429170,0

-4.78,-0.73,2.43,429180,0

-3.25,-2.03,3.12,429193,0

0.20,1.11,-1.58,429206,0

-0.77,-1.18,1.61,429218,0

-0.27,-1.66,2.09,429230,0

-0.66,0.84,-0.78,429240,0

-1.08,0.58,-0.64,429252,0

-0.63,-0.45,0.52,429264,0

-0.48,0.36,-0.28,429276,0

-0.44,0.40,-0.34,429287,0

-0.46,0.84,-0.80,429298,0

-0.23,0.08,-0.04,429309,0

-0.27,0.02,-0.04,429321,0

-0.09,-0.05,0.33,429332,0

-0.03,0.08,0.33,429344,0

-0.28,-0.52,0.48,429359,0

-0.35,-0.36,0.28,429370,0

-0.24,-0.40,0.36,429381,0

-0.41,-0.15,0.00,429393,0

-0.45,0.03,-0.29,429406,0

-0.49,0.00,-0.25,429418,0

-0.54,-0.01,-0.23,429429,0

-0.43,-0.08,-0.12,429441,0

-0.43,-0.28,0.00,429452,0

-0.34,-0.33,0.15,429464,0

-0.25,-0.51,0.50,429475,0

-0.28,-0.46,0.46,429487,0

-0.41,-0.36,0.26,429498,0

-0.38,-0.06,-0.04,429509,0

-0.20,-0.18,0.21,429520,0

-0.27,-0.13,0.18,429532,0

-0.46,0.56,-0.62,429543,0

-0.34,0.83,-0.75,429556,0

-0.06,1.44,-0.53,429571,0

0.11,2.30,-0.20,429582,0

1.04,2.97,0.31,429594,0

-0.09,1.57,-0.22,429606,0

1.00,4.02,-0.03,429619,0

0.62,3.85,-1.19,429630,0

0.04,1.93,-1.78,429641,0

0.58,4.11,-2.11,429652,0

0.92,3.87,-1.92,429665,0

1.36,5.07,-1.52,429676,0

2.01,4.49,-1.22,429687,0

2.61,4.42,-0.44,429700,0

3.84,4.98,0.67,429711,0

4.15,5.10,0.73,429721,0

5.28,6.60,1.23,429732,0

6.58,8.23,2.72,429745,0

6.97,9.85,2.65,429758,0

6.08,12.93,2.90,429769,0

-0.44,18.03,2.92,429785,0

0.82,14.20,2.63,429797,0

0.34,12.87,3.94,429809,0

8.92,14.62,1.38,429820,0

18.08,16.39,-0.54,429832,0

25.96,7.48,-1.10,429843,0

10.06,-2.38,0.28,429855,0

14.85,5.19,-0.11,429868,0

17.32,1.58,-2.16,429879,0

16.91,5.54,-1.46,429890,0

16.37,4.59,-0.48,429901,0

16.01,3.55,-0.30,429913,0

15.38,2.25,-0.13,429924,0

13.65,-0.71,0.07,429935,0

13.13,-1.39,0.01,429947,0

12.64,-1.07,-0.09,429960,0

12.30,1.29,0.74,429971,0

11.97,1.83,1.03,429982,0

11.36,2.21,1.24,429998,0

10.50,2.46,1.19,430010,0

8.88,2.97,1.47,430021,0

8.37,3.99,1.45,430032,0

7.73,5.45,1.58,430044,0

5.91,7.88,1.31,430056,0

4.25,8.25,1.13,430068,0

2.47,8.04,0.72,430080,0

-0.87,7.60,-0.08,430091,0

-1.79,8.03,-0.05,430102,0

-2.63,8.85,0.35,430113,0

-3.88,11.08,1.76,430125,0

-5.36,12.34,2.45,430136,0

-7.39,13.25,3.05,430148,0

-9.85,14.14,3.19,430160,0

-18.34,15.36,2.02,430172,0

-21.88,12.66,1.20,430183,0

-25.17,8.94,0.19,430194,0

-35.28,4.88,-2.85,430220,0

-43.33,6.36,-5.25,430231,0

-35.09,-1.16,0.39,430242,0

-29.42,-7.72,0.10,430254,0

-24.16,-8.93,-0.46,430267,0

-9.95,3.06,4.25,430278,0

3.91,-21.03,-2.33,430289,0

-4.46,24.52,-21.23,430301,0

-1.86,18.26,-11.24,430312,0

-13.18,12.04,-8.29,430323,0

-12.85,7.28,-1.01,430334,0

-5.69,4.71,-2.04,430347,0

-4.75,3.04,0.00,430359,0

-2.19,1.17,-0.96,430371,0

1.10,2.63,-3.86,430382,0

0.46,-0.64,0.22,430393,0

-1.00,-1.56,2.22,430405,0

-1.20,0.70,-0.55,430434,0

-0.67,-0.08,-0.01,430445,0

-0.59,0.60,-0.75,430458,0

-0.49,0.41,-0.43,430471,0

-0.35,0.13,-0.06,430481,0

-0.28,0.12,-0.07,430492,0

-0.41,0.30,-0.42,430504,0

-0.23,-0.16,0.34,430517,0

-0.12,-0.14,0.37,430528,0

-0.12,-0.40,0.52,430539,0

-0.63,0.39,-0.75,430551,0

-0.40,-0.20,0.02,430562,0

-0.30,-0.32,0.25,430573,0

-0.40,-0.19,0.06,430584,0

-0.50,-0.41,0.19,430597,0

-0.38,-0.42,0.22,430609,0

-0.22,-0.58,0.49,430621,0

-0.41,-0.48,0.41,430632,0

-0.42,-0.20,0.09,430649,0

-0.45,-0.15,-0.04,430660,0

-0.36,0.11,-0.20,430671,0

-0.32,0.00,0.01,430683,0

-0.30,0.06,-0.02,430694,0

-0.26,0.41,-0.40,430706,0

-0.40,0.47,-0.49,430720,0

-0.40,0.81,-0.78,430731,0

-0.60,0.27,-0.26,430742,0

-0.32,0.65,-0.30,430752,0

-0.11,1.30,-0.17,430764,0

-0.07,1.79,-0.20,430775,0

1.13,1.97,0.93,430786,0

-0.07,1.27,0.25,430798,0

0.96,3.65,0.09,430811,0

0.42,3.43,-1.60,430822,0

0.20,2.57,-1.75,430833,0

0.49,4.04,-2.11,430844,0

0.48,3.61,-2.48,430860,0

2.02,4.04,-0.65,430872,0

2.70,4.31,0.30,430882,0

3.38,5.02,0.49,430894,0

3.69,5.18,0.84,430906,0

4.59,6.15,1.54,430919,0

6.23,7.31,2.24,430930,0

6.35,11.80,2.74,430942,0

6.39,14.92,2.26,430953,0

2.71,14.54,2.45,430964,0

1.12,19.59,2.15,430976,0

1.73,13.51,1.87,430986,0

4.20,14.03,2.29,430999,0

5.24,11.91,1.97,431011,0

17.88,17.28,-0.64,431023,0

28.08,5.97,-0.92,431033,0

32.46,-14.84,-1.82,431044,0

14.36,6.02,0.55,431057,0

19.31,-1.59,-0.96,431072,0

18.81,2.58,-0.19,431083,0

16.89,5.36,-0.97,431094,0

15.59,3.48,-1.05,431107,0

14.32,0.76,-0.94,431119,0

13.19,-1.31,-0.85,431130,0

12.03,-0.56,-0.95,431141,0

11.98,0.85,-0.80,431153,0

11.86,1.68,-0.42,431164,0

11.05,2.03,0.18,431175,0

10.47,1.73,0.36,431186,0

10.12,1.91,0.71,431199,0

9.70,2.31,1.19,431211,0

8.37,5.59,1.83,431222,0

7.16,7.03,2.06,431234,0

5.72,7.57,2.09,431245,0

2.92,7.59,1.49,431257,0

1.43,7.87,1.16,431270,0

-1.65,9.72,0.48,431285,0

-2.77,9.65,0.64,431297,0

-3.66,10.00,1.09,431309,0

-4.86,11.26,1.51,431322,0

-11.18,13.14,0.76,431333,0

-13.31,13.42,1.02,431344,0

-16.07,12.84,0.96,431355,0

-21.15,8.91,1.21,431369,0

-23.50,7.08,1.57,431379,0

-25.35,6.35,2.00,431391,0

-32.61,8.20,1.85,431403,0

-36.85,8.77,-0.78,431414,0

-38.96,6.92,-2.64,431425,0

-37.85,1.51,-2.69,431436,0

-30.04,-10.11,-2.72,431449,0

-24.83,-6.42,-1.88,431461,0

-9.87,9.55,5.74,431473,0

1.75,-1.06,7.07,431483,0

-1.39,22.99,-19.54,431500,0

-4.84,14.13,-9.91,431512,0

-8.27,6.18,-0.67,431523,0

-4.68,4.70,-1.90,431535,0

-4.16,2.30,-0.18,431546,0

-4.00,0.54,0.57,431558,0

-3.45,-0.52,1.84,431570,0

-3.06,-1.56,2.73,431582,0

-0.53,-1.33,1.64,431593,0

-1.10,-0.72,0.90,431604,0

-0.94,-0.65,0.98,431616,0

-0.51,-0.10,0.27,431627,0

-0.55,0.49,-0.28,431638,0

-0.34,-0.79,0.85,431650,0

-0.60,-0.55,0.59,431663,0

-0.44,0.67,-0.58,431674,0

-0.38,0.35,-0.31,431684,0

-0.44,0.44,-0.41,431700,0

-0.26,0.11,-0.13,431713,0

-0.29,-0.02,-0.01,431724,0

-0.29,-0.22,0.17,431734,0

-0.26,-0.39,0.42,431746,0

-0.03,-0.82,0.96,431759,0

-0.46,0.31,-0.35,431771,0

-0.36,-0.16,0.06,431782,0

-0.52,0.00,-0.19,431794,0

-0.55,-0.01,-0.27,431805,0

-0.54,-0.18,-0.10,431816,0

-0.44,-0.25,0.12,431827,0

-0.47,-0.03,-0.14,431839,0

-0.57,0.26,-0.54,431851,0

-0.70,0.29,-0.68,431862,0

-0.31,-0.33,0.30,431874,0

-0.26,-0.12,0.08,431885,0

-0.28,0.20,-0.15,431896,0

-0.37,0.49,-0.48,431912,0

-0.52,0.29,-0.35,431924,0

-0.40,0.46,-0.27,431935,0

0.22,1.05,0.45,431945,0

0.00,1.06,-0.10,431958,0

0.30,1.43,0.35,431971,0

1.00,1.87,0.72,431981,0

0.65,3.46,0.03,431993,0

-0.06,2.00,-0.61,432005,0

0.69,3.42,-0.82,432016,0

0.16,3.38,-1.86,432026,0

0.20,3.40,-2.15,432037,0

0.40,3.29,-2.16,432051,0

0.69,3.90,-1.72,432063,0

2.51,4.63,0.11,432073,0

3.27,5.12,0.71,432084,0

3.70,5.40,0.80,432096,0

4.10,6.41,0.69,432108,0

5.83,7.70,1.55,432123,0

6.64,11.27,2.47,432135,0

6.43,14.35,2.62,432146,0

3.88,14.36,2.69,432158,0

0.11,14.98,3.08,432171,0

1.90,12.21,2.29,432182,0

2.27,12.41,2.39,432193,0

5.63,10.87,1.46,432204,0

14.36,16.55,-0.27,432216,0

22.34,16.78,-1.68,432227,0

31.91,-5.66,-0.28,432238,0

17.83,-13.52,-1.47,432250,0

16.17,1.85,-0.98,432263,0

17.85,-1.00,-0.17,432274,0

17.46,4.66,-0.94,432285,0

15.92,5.00,-0.53,432296,0

14.73,2.84,-0.50,432309,0

13.62,0.38,-0.30,432321,0

11.81,-1.44,-0.08,432335,0

11.88,-0.07,-0.22,432347,0

11.85,1.03,0.01,432360,0

11.64,1.57,0.40,432372,0

10.91,1.92,0.82,432384,0

9.94,2.38,1.42,432395,0

9.50,3.41,1.57,432406,0

9.07,4.81,2.01,432417,0

8.20,6.24,2.36,432429,0

6.91,7.18,2.44,432440,0

3.91,7.80,2.09,432452,0

1.98,7.80,1.67,432464,0

-1.09,7.94,0.85,432475,0

-2.65,8.36,1.03,432486,0

-3.28,9.35,1.36,432498,0

-4.21,10.94,1.75,432510,0

-5.66,12.03,2.03,432524,0

-12.45,13.10,0.95,432534,0

-14.51,12.29,0.90,432550,0

-16.76,11.04,0.87,432563,0

-22.62,6.37,-0.30,432575,0

-25.07,4.90,-0.44,432585,0

-27.61,4.00,0.19,432596,0

-35.24,7.07,0.43,432609,0

-38.84,9.79,-0.73,432622,0

-38.71,6.86,-0.56,432633,0

-20.32,-4.33,2.77,432645,0

-20.43,5.25,5.48,432656,0

2.69,-14.86,-4.13,432667,0

0.24,2.76,5.00,432678,0

-3.35,12.48,-8.88,432689,0

-11.03,13.08,-3.69,432702,0

-10.92,12.92,-10.86,432714,0

-3.14,3.20,-0.66,432724,0

-4.23,2.71,-0.79,432736,0

-5.16,1.27,-0.08,432752,0

-2.24,-1.41,2.18,432764,0

0.17,-0.89,0.64,432776,0

-1.26,-1.62,2.14,432786,0

-0.12,-1.40,1.72,432798,0

-0.01,-0.56,0.63,432811,0

-0.71,0.72,-0.79,432824,0

-0.43,-0.12,0.28,432835,0

-0.67,0.00,-0.03,432845,0

-0.58,0.26,-0.43,432857,0

-0.41,0.58,-0.71,432869,0

-0.58,0.51,-0.55,432879,0

-0.58,0.32,-0.36,432890,0

-0.44,0.01,-0.05,432904,0

-0.39,-0.18,0.11,432915,0

-0.22,-0.68,0.53,432926,0

-0.42,-0.10,0.05,432937,0

-0.46,0.09,-0.16,432949,0

-0.24,-0.31,0.26,432964,0

-0.21,-0.20,0.23,432975,0

-0.45,-0.23,0.09,432987,0

-0.45,-0.07,-0.06,432998,0

-0.32,-0.20,0.04,433009,0

-0.23,-0.30,0.23,433021,0

-0.28,-0.21,0.19,433033,0

-0.38,-0.21,0.18,433044,0

-0.25,-0.04,-0.04,433055,0

-0.27,-0.18,0.11,433067,0

-0.19,-0.37,0.37,433078,0

-0.27,-0.20,0.19,433088,0

-0.39,0.00,-0.04,433099,0

-0.19,0.14,-0.18,433113,0

-0.19,0.13,-0.04,433125,0

-0.56,0.40,-0.50,433136,0

-0.57,0.57,-0.63,433147,0

-0.33,0.26,-0.17,433159,0

0.02,0.85,-0.02,433174,0

1.12,3.60,0.10,433185,0

0.11,2.30,-0.32,433197,0

1.22,4.25,0.00,433208,0

-0.36,1.10,-1.25,433220,0

-0.09,3.49,-2.60,433230,0

0.21,3.38,-2.21,433242,0

0.59,4.56,-2.83,433254,0

1.84,4.59,-1.29,433265,0

2.60,4.06,-0.46,433276,0

3.02,4.20,0.44,433288,0

3.50,4.89,0.41,433300,0

3.77,4.85,0.23,433312,0

4.65,5.91,0.77,433325,0

6.43,8.16,2.30,433336,0

6.89,9.68,2.19,433347,0

7.10,12.72,2.93,433359,0

5.53,13.25,3.67,433372,0

2.84,14.43,3.11,433386,0

1.75,11.33,3.77,433397,0

4.41,13.18,2.53,433410,0

6.48,13.20,1.79,433422,0

11.42,15.30,0.47,433433,0

17.41,17.92,-0.13,433444,0

8.80,-2.75,-1.32,433456,0

11.99,3.70,1.47,433467,0

17.57,0.79,-2.13,433478,0

17.86,-0.98,-0.90,433489,0

17.36,6.79,-0.70,433502,0

16.49,6.05,-0.19,433514,0

14.41,1.36,0.03,433526,0

12.47,-1.63,-0.04,433538,0

11.96,-1.62,-0.19,433549,0

11.81,-0.85,-0.47,433561,0

12.21,1.53,-0.02,433573,0

11.81,2.07,0.27,433585,0

10.52,2.41,0.70,433600,0

9.70,3.86,1.09,433613,0

8.83,4.19,1.32,433626,0

7.06,4.69,1.79,433637,0

5.63,6.30,1.83,433648,0

4.38,7.28,1.72,433659,0

2.91,7.93,1.60,433672,0

1.50,8.02,1.46,433683,0

-0.50,8.79,1.09,433695,0

-2.57,9.45,0.89,433707,0

-3.60,10.15,1.00,433718,0

-5.13,12.33,1.61,433728,0

-6.48,13.50,1.99,433739,0

-8.32,14.56,2.20,433753,0

-10.50,15.21,2.15,433765,0

-18.68,12.61,1.22,433776,0

-21.95,9.66,0.85,433787,0

-24.85,7.26,0.72,433799,0

-35.50,8.67,-0.31,433826,0

-41.11,8.75,-1.42,433838,0

-33.34,-7.52,0.30,433849,0

-28.68,-12.60,-0.52,433861,0

-24.32,-7.88,-0.52,433873,0

-7.79,11.28,6.77,433885,0

-6.45,-7.60,-5.73,433896,0

-3.58,16.37,-13.70,433907,0

-4.12,11.65,-5.58,433918,0

-9.81,15.73,-13.43,433930,0

-11.30,8.55,-3.26,433941,0

-7.05,6.59,-2.89,433953,0

-5.08,2.14,1.30,433966,0

-2.93,-0.43,1.45,433977,0

-2.46,-0.85,1.45,433988,0

-0.47,-0.88,1.21,433999,0

-0.73,-1.64,1.92,434012,0

-0.74,-1.32,1.45,434027,0

-0.55,0.75,-0.64,434037,0

-0.56,0.45,-0.24,434049,0

-0.43,-0.25,0.33,434061,0

-0.53,0.00,-0.04,434073,0

-0.74,0.59,-0.70,434084,0

-0.76,1.12,-1.23,434096,0

-0.58,0.42,-0.63,434107,0

-0.48,0.04,-0.16,434118,0

-0.53,0.09,-0.18,434129,0

-0.34,-0.29,0.25,434141,0

-0.24,-0.41,0.43,434153,0

-0.32,-0.48,0.11,434165,0

-0.19,-0.04,0.07,434178,0

-0.22,-0.27,0.23,434188,0

-0.30,-0.20,0.09,434199,0

-0.32,-0.19,0.00,434210,0

-0.36,-0.21,0.05,434223,0

-0.32,-0.33,0.27,434238,0

-0.39,-0.30,0.26,434249,0

-0.47,-0.29,0.10,434259,0

-0.49,-0.07,-0.07,434273,0

-0.46,0.16,-0.24,434284,0

-0.36,0.25,-0.29,434294,0

-0.37,0.26,-0.30,434307,0

-0.38,0.37,-0.38,434318,0

-0.40,0.46,-0.50,434329,0

-0.33,0.69,-0.54,434340,0

-0.24,0.30,-0.25,434352,0

-0.46,-0.04,0.00,434364,0

-0.38,-0.05,0.11,434376,0

0.00,0.00,0.94,434387,0

0.86,-0.20,1.70,434399,0

-0.12,0.03,0.59,434410,0

0.61,2.53,0.00,434422,0

0.38,3.00,-0.03,434434,0

-0.62,2.19,-1.87,434449,0

0.28,4.00,-2.51,434460,0

0.31,2.54,-1.75,434471,0

0.75,3.84,-1.77,434483,0

1.10,3.82,-1.85,434494,0

1.69,3.60,-0.49,434506,0

2.69,4.38,-0.16,434518,0

3.15,5.13,0.21,434529,0

3.77,4.62,0.67,434540,0

4.54,5.14,2.00,434551,0

6.01,6.38,2.17,434564,0

6.20,7.56,2.17,434577,0

5.70,9.34,1.04,434588,0

4.84,13.74,1.47,434598,0

1.35,14.35,2.06,434610,0

2.60,14.99,1.99,434622,0

0.54,13.31,2.86,434633,0

4.16,12.09,2.03,434644,0

11.71,13.89,0.44,434660,0

18.30,16.57,-1.12,434671,0

26.16,7.48,-1.47,434682,0

32.93,-14.68,-1.89,434694,0

13.47,4.65,-0.48,434706,0

17.93,1.91,-3.49,434717,0

16.36,6.04,-2.09,434728,0

15.36,4.43,-1.24,434740,0

14.12,2.83,-1.24,434751,0

12.73,0.52,-1.26,434764,0

11.53,-1.36,-0.96,434777,0

11.55,-0.69,-0.76,434788,0

11.33,1.06,-0.26,434799,0

11.15,1.77,0.14,434810,0

10.77,1.50,0.44,434823,0

10.34,1.22,0.62,434833,0

9.83,1.21,0.89,434844,0

9.18,2.29,1.23,434857,0

7.95,4.23,1.51,434873,0

7.19,5.36,1.68,434884,0

4.75,7.22,1.99,434895,0

2.79,7.50,1.86,434908,0

-0.35,7.46,1.36,434919,0

-2.12,8.87,1.06,434929,0

-3.22,8.97,1.18,434940,0

-4.12,8.70,1.33,434953,0

-4.90,9.62,1.42,434965,0

-8.27,12.00,1.40,434977,0

-12.73,11.91,0.51,434989,0

-14.88,11.30,0.51,435000,0

-17.43,8.42,-0.27,435011,0

-18.64,7.40,-0.80,435024,0

-20.18,6.28,-1.02,435036,0

-23.65,4.40,1.67,435047,0

-31.10,7.18,3.67,435058,0

-35.96,9.71,1.62,435069,0

-36.73,3.43,-1.18,435084,0

-33.36,-5.09,-2.08,435095,0

-29.20,-10.73,-3.16,435107,0

-2.70,-8.91,-10.12,435119,0

-0.66,-18.04,8.12,435130,0

-2.96,14.08,-4.55,435141,0

-1.05,25.12,-22.53,435152,0

-8.50,17.23,-15.79,435166,0

-7.55,8.05,-7.82,435178,0

-3.49,4.20,-3.86,435189,0

-6.37,-0.29,3.54,435201,0

-6.03,-2.19,5.21,435212,0

-3.15,-2.12,3.60,435224,0

0.81,2.37,-3.38,435235,0

-0.90,-1.41,1.88,435248,0

-0.59,-1.65,2.22,435259,0

0.61,-0.03,0.01,435270,0

-0.96,-0.36,0.22,435284,0

-0.54,-0.88,0.96,435296,0

-0.91,1.14,-1.22,435308,0

-0.51,0.76,-0.82,435318,0

-0.54,-0.10,0.13,435330,0

-0.28,-0.21,0.28,435341,0

-0.44,0.23,-0.30,435352,0

-0.32,-0.05,0.10,435365,0

-0.23,-0.44,0.49,435378,0

-0.29,-0.21,0.30,435389,0

-0.47,0.26,-0.33,435400,0

-0.37,-0.35,0.16,435411,0

-0.47,-0.07,-0.14,435423,0

-0.40,-0.05,-0.04,435434,0

-0.46,0.03,-0.16,435445,0

-0.48,-0.11,-0.09,435458,0

-0.45,-0.07,-0.14,435469,0

-0.41,-0.05,-0.03,435480,0

-0.36,-0.03,-0.03,435494,0

-0.34,-0.24,0.11,435508,0

-0.39,-0.09,-0.12,435519,0

-0.31,-0.11,0.06,435530,0

-0.24,-0.07,0.03,435542,0

-0.38,0.03,-0.19,435552,0

-0.55,0.33,-0.65,435565,0

-0.45,0.47,-0.67,435577,0

-0.41,0.46,-0.52,435589,0

-0.30,0.43,-0.25,435600,0

-0.09,0.20,-0.03,435611,0

0.09,1.65,-0.17,435622,0

0.79,2.92,0.13,435634,0

0.42,4.10,-0.28,435645,0

0.74,3.14,-0.57,435657,0

0.20,3.14,-1.56,435668,0

0.27,3.88,-1.74,435680,0

0.55,3.52,-1.91,435695,0

1.70,3.13,-0.54,435707,0

1.98,3.78,-0.11,435719,0

2.78,5.11,-0.56,435730,0

3.60,6.06,0.12,435741,0

5.14,6.49,1.62,435752,0

6.30,7.31,2.22,435766,0

6.70,7.89,2.87,435778,0

8.42,10.27,4.38,435789,0

6.17,12.44,5.42,435801,0

2.99,12.88,6.68,435812,0

5.67,11.97,5.64,435824,0

2.05,12.91,4.42,435835,0

6.78,16.26,2.01,435847,0

6.99,14.02,2.58,435859,0

17.43,10.15,1.40,435869,0

17.50,-6.92,-1.94,435880,0

20.86,-7.32,-6.75,435892,0

11.51,1.93,0.67,435904,0

17.60,-0.84,-2.74,435919,0

16.94,6.93,0.37,435931,0

16.57,2.20,1.30,435942,0

15.61,0.41,1.12,435953,0

14.69,-1.57,0.57,435965,0

14.11,-2.92,-0.12,435978,0

14.12,-1.79,-0.23,435989,0

13.61,1.13,-0.33,436000,0

12.22,1.87,-0.56,436012,0

11.23,1.73,-0.50,436024,0

10.24,1.73,-0.39,436034,0

9.26,1.73,-0.26,436045,0

8.08,2.93,0.06,436059,0

6.68,4.51,0.10,436070,0

5.71,5.28,0.18,436081,0

3.80,6.54,0.29,436092,0

2.41,6.58,0.31,436104,0

1.17,6.62,0.08,436116,0

-0.81,8.58,0.91,436131,0

-1.80,8.87,1.42,436143,0

-2.84,9.07,1.91,436154,0

-3.91,10.14,2.30,436166,0

-6.84,13.58,3.15,436179,0

-11.21,15.79,3.55,436191,0

-13.90,15.16,3.80,436202,0

-19.24,10.71,2.52,436212,0

-21.48,8.47,1.49,436226,0

-23.53,7.22,0.65,436236,0

-27.82,6.48,-0.01,436247,0

-32.44,7.32,-1.26,436259,0

-39.71,6.72,-4.30,436271,0

-34.84,-8.00,-2.66,436282,0

-28.74,-4.23,5.04,436293,0

-29.79,-15.05,-3.11,436305,0

-6.07,-21.38,3.64,436319,0

2.60,7.49,-3.80,436333,0

-7.23,16.67,-13.19,436344,0

-11.14,12.83,-11.15,436357,0

-5.71,4.14,-2.17,436369,0

-6.81,0.74,2.17,436380,0

-4.00,-1.60,3.78,436391,0

1.09,1.17,-2.48,436403,0

0.55,-1.41,1.18,436415,0

-1.81,-1.65,2.43,436428,0

-1.64,-2.30,3.23,436440,0

-1.15,1.07,-1.38,436451,0

-0.84,-0.16,-0.03,436461,0

-0.35,0.00,0.01,436472,0

-0.53,-0.10,0.11,436484,0

-0.72,0.38,-0.46,436495,0

-0.55,0.71,-0.79,436507,0

-0.53,0.50,-0.62,436519,0

-0.36,-0.24,0.22,436531,0

-0.27,-0.53,0.55,436545,0

-0.35,-0.23,0.26,436558,0

-0.28,-0.66,0.37,436570,0

-0.30,0.10,-0.05,436581,0

-0.32,-0.23,0.14,436592,0

-0.46,-0.05,-0.07,436603,0

-0.48,0.08,-0.30,436616,0

-0.40,-0.05,-0.15,436629,0

-0.48,0.00,-0.18,436640,0

-0.30,-0.26,0.14,436652,0

-0.35,-0.34,0.21,436663,0

-0.41,-0.26,0.04,436673,0

-0.39,-0.08,-0.04,436684,0

-0.35,-0.03,-0.06,436696,0

-0.47,0.15,-0.31,436708,0

-0.50,0.22,-0.59,436720,0

-0.24,0.06,-0.17,436731,0

-0.19,0.07,-0.18,436746,0

-0.38,0.21,-0.28,436759,0

-0.26,0.31,-0.35,436770,0

-0.32,-0.05,0.20,436782,0

-0.21,0.66,-0.19,436793,0

-0.29,0.36,-0.09,436804,0

-0.43,0.90,-0.42,436816,0

0.46,2.98,-0.01,436829,0

0.37,4.23,-0.52,436840,0

0.33,3.13,-0.68,436851,0

-0.13,3.14,-1.83,436862,0

-0.07,3.90,-2.41,436874,0

0.63,3.37,-2.01,436885,0

1.23,2.98,-1.26,436896,0

2.00,4.64,0.00,436909,0

2.83,5.07,0.12,436921,0

3.39,6.32,0.27,436932,0

5.08,7.16,1.40,436943,0

5.62,7.35,1.55,436959,0

6.39,8.66,1.16,436971,0

5.28,12.46,3.10,436982,0

4.69,14.75,3.02,436994,0

1.21,15.87,5.34,437005,0

3.13,16.18,4.20,437017,0

2.09,11.21,3.28,437030,0

4.65,12.03,2.12,437042,0

9.57,13.24,0.19,437053,0

22.00,6.15,0.28,437064,0

28.33,-8.30,-3.94,437075,0

9.03,-0.83,-0.68,437087,0

15.64,-0.70,-2.51,437098,0

15.58,-2.32,-0.91,437110,0

15.52,5.01,-0.09,437122,0

14.55,2.49,0.51,437133,0

13.65,0.40,0.55,437144,0

12.70,-1.45,0.41,437155,0

11.62,-2.32,0.06,437179,0

11.68,-1.04,0.02,437190,0

11.52,0.93,0.43,437201,0

10.98,1.40,0.59,437213,0

10.47,1.23,0.79,437224,0

10.06,1.31,1.16,437235,0

9.57,1.75,1.57,437246,0

8.84,3.56,2.09,437259,0

8.16,4.25,2.26,437271,0

6.54,5.28,2.33,437282,0

4.78,6.37,2.11,437294,0

3.52,6.57,1.88,437305,0

2.38,6.81,1.58,437317,0

1.30,7.11,1.41,437330,0

-0.28,9.25,1.18,437342,0

-2.86,10.87,1.47,437353,0

-4.24,11.83,1.53,437364,0

-7.09,14.81,2.41,437376,0

-9.35,16.19,2.67,437387,0

-11.76,16.92,2.59,437402,0

-21.26,10.40,1.53,437413,0

-24.72,8.15,0.44,437425,0

-28.17,6.65,-1.16,437435,0

-37.82,5.63,-5.45,437446,0

-42.80,5.99,-7.81,437459,0

-42.64,5.32,-7.14,437472,0

-25.55,-11.98,-0.69,437483,0

-11.02,7.19,11.58,437493,0

-15.48,-7.51,-1.86,437506,0

3.47,-22.86,2.85,437518,0

-6.43,29.89,-22.98,437530,0

-2.81,14.19,-5.76,437542,0

-13.78,11.78,-5.44,437553,0

-6.69,5.06,-0.85,437564,0

-5.98,1.68,1.31,437576,0

-6.92,-1.72,4.70,437587,0

-5.70,-2.79,3.74,437602,0

-0.99,-2.55,2.73,437613,0

-1.80,-1.52,2.46,437624,0

-0.11,-2.09,2.62,437636,0

-0.93,0.71,-0.68,437647,0

-0.61,-0.23,0.45,437659,0

0.00,0.20,-0.27,437671,0

-0.62,0.00,-0.23,437683,0

-0.24,0.34,-0.44,437694,0

-0.33,0.20,-0.21,437705,0

-0.42,0.07,-0.12,437718,0

-0.28,0.07,-0.07,437730,0

-0.21,-0.13,0.18,437741,0

-0.21,-0.17,0.28,437752,0

-0.29,-0.29,0.12,437764,0

-0.29,-0.15,0.16,437775,0

-0.30,-0.24,0.29,437786,0

-0.33,-0.09,0.07,437800,0

-0.41,-0.14,0.02,437813,0

-0.47,-0.18,-0.09,437823,0

-0.38,-0.27,0.11,437834,0

-0.43,-0.26,0.11,437846,0

-0.43,-0.07,-0.04,437857,0

-0.30,-0.15,0.00,437869,0

-0.32,0.00,-0.16,437882,0

-0.53,0.02,-0.30,437893,0

-0.43,0.08,-0.28,437904,0

-0.27,0.03,-0.15,437915,0

-0.09,-0.09,0.14,437926,0

-0.18,-0.08,0.11,437938,0

-0.14,0.00,0.16,437949,0

-0.33,0.23,-0.14,437961,0

-0.49,0.80,-0.83,437972,0

-0.10,0.31,0.19,437984,0

-0.01,0.69,0.26,437995,0

0.25,1.61,0.23,438011,0

0.80,2.12,0.30,438023,0

0.24,2.09,-0.92,438034,0

-0.17,1.70,-0.99,438045,0

0.58,4.19,-1.08,438056,0

0.08,3.42,-2.26,438069,0

0.33,3.41,-2.38,438082,0

0.61,2.87,-2.00,438093,0

2.25,3.90,-0.24,438105,0

2.47,4.54,0.00,438115,0

3.03,5.27,0.11,438127,0

3.57,5.74,0.13,438138,0

4.17,6.37,0.74,438149,0

5.21,7.44,1.24,438162,0

6.46,8.43,1.21,438173,0

6.21,14.81,1.13,438184,0

3.53,14.35,1.56,438196,0

1.15,16.49,2.55,438207,0

3.28,17.84,3.04,438220,0

5.75,11.32,2.56,438235,0

7.00,11.65,1.49,438246,0

7.08,13.79,1.50,438257,0

21.62,14.68,-1.82,438270,0

33.40,-2.83,-1.37,438283,0

16.36,2.78,-1.77,438294,0

17.62,-0.70,-3.02,438305,0

17.03,-0.85,-0.58,438317,0

16.39,4.59,-1.43,438329,0

15.23,4.81,-0.46,438340,0

14.04,3.55,-0.77,438350,0

13.06,0.85,-0.16,438363,0

11.81,-1.10,-0.27,438374,0

11.82,-0.29,-0.31,438385,0

11.91,0.68,-0.13,438396,0

11.79,1.41,0.10,438409,0

11.44,2.43,0.36,438421,0

10.11,2.50,0.60,438436,0

9.44,2.51,0.72,438448,0

8.63,3.37,0.83,438460,0

8.08,3.89,0.68,438473,0

6.80,5.86,0.63,438484,0

4.98,8.20,0.38,438496,0

3.45,8.52,0.12,438506,0

1.91,8.50,-0.16,438518,0

0.36,8.81,-0.23,438532,0

-2.39,9.84,-0.46,438543,0

-5.64,10.04,-0.04,438554,0

-8.71,12.92,1.08,438565,0

-10.85,15.06,1.80,438577,0

-13.08,16.86,2.73,438588,0

-15.55,17.81,3.59,438599,0

-22.01,12.42,4.26,438611,0

-25.76,9.06,3.35,438624,0

-32.30,6.20,0.16,438635,0

-41.29,5.14,-4.43,438649,0

-43.24,6.17,-4.61,438662,0

-41.25,4.14,-2.03,438674,0

-27.88,-29.15,9.49,438685,0

-5.30,-19.24,0.54,438696,0

-3.25,27.31,-22.65,438708,0

-2.79,22.94,-18.16,438720,0

-9.75,15.71,-11.20,438733,0

-13.76,12.70,-8.56,438745,0

-3.71,1.53,0.87,438756,0

-7.71,1.01,0.95,438767,0

-6.44,-3.06,5.13,438779,0

-2.31,0.35,-0.62,438790,0

0.62,4.35,-5.26,438801,0

-1.68,-2.61,3.38,438813,0

0.76,-1.63,1.97,438824,0

-1.14,0.80,-0.93,438836,0

-0.74,0.57,-0.78,438847,0

-0.73,0.19,-0.27,438863,0

-0.26,0.50,-0.53,438875,0

-0.16,-0.03,0.14,438886,0

-0.28,0.29,-0.23,438897,0

-0.39,1.22,-1.12,438908,0

-0.30,0.07,-0.09,438921,0

-0.22,-0.34,0.36,438934,0

-0.17,-0.47,0.39,438944,0

-0.17,-0.63,0.47,438956,0

-0.31,-0.48,0.19,438967,0

-0.40,-0.38,0.11,438979,0

-0.49,-0.13,-0.17,438990,0

-0.49,-0.22,-0.09,439002,0

-0.41,-0.40,0.10,439014,0

-0.47,-0.43,0.03,439025,0

-0.45,-0.34,0.01,439036,0

-0.31,-0.43,0.16,439047,0

-0.35,-0.55,0.27,439063,0

-0.32,-0.49,0.15,439074,0

-0.38,-0.48,0.19,439086,0

-0.25,-0.54,0.31,439097,0

-0.27,-0.70,0.47,439108,0

-0.31,-0.15,-0.09,439120,0

-0.33,0.12,-0.31,439134,0

-0.34,0.47,-0.62,439145,0

-0.44,1.66,-1.46,439156,0

-0.47,1.73,-1.36,439168,0

-0.25,1.41,-0.88,439179,0

0.11,1.08,-0.37,439190,0

-0.27,0.56,-0.49,439201,0

0.31,2.36,0.00,439214,0

0.50,2.10,-0.41,439225,0

0.53,3.29,-0.71,439236,0

0.57,2.54,-1.18,439247,0

0.30,1.83,-1.23,439259,0

0.58,3.54,-1.95,439274,0

0.97,3.93,-1.45,439285,0

1.57,4.29,-1.39,439297,0

2.66,4.63,0.17,439308,0

3.15,4.93,0.24,439320,0

3.86,5.52,1.04,439333,0

4.10,5.32,1.12,439345,0

6.44,9.40,2.48,439356,0

7.03,9.70,2.79,439367,0

7.44,12.91,3.03,439377,0

2.89,14.87,4.49,439389,0

1.65,17.50,3.91,439400,0

3.00,16.38,3.40,439413,0

4.17,13.79,2.26,439425,0

6.75,12.66,0.79,439436,0

11.24,13.56,0.63,439447,0

26.74,-1.59,-0.88,439458,0

28.52,-12.02,-4.60,439471,0

11.76,4.05,-1.22,439486,0

15.94,-1.45,-2.02,439497,0

15.18,4.23,-1.70,439508,0

14.69,6.53,-2.59,439521,0

14.51,4.34,-1.73,439533,0

13.18,0.57,-1.56,439544,0

13.02,-1.69,-1.37,439556,0

13.29,-1.37,-1.27,439567,0

13.44,1.60,-1.15,439578,0

13.15,1.82,-0.74,439589,0

12.67,1.66,-0.59,439601,1

12.06,1.44,-0.36,439613,1

10.82,1.55,-0.06,439625,1

9.32,2.54,0.44,439636,1

8.66,3.07,0.78,439648,1

7.61,4.72,0.99,439659,1

6.50,5.65,0.99,439671,1

5.19,6.37,1.19,439684,1

1.36,7.92,1.86,439698,2

0.35,8.34,2.15,439710,2

-0.55,9.22,2.51,439724,2

-2.26,11.23,3.62,439736,2

-4.71,12.33,5.08,439747,2

-6.70,13.69,6.14,439757,2

-10.53,16.78,7.30,439770,2

-13.21,18.25,7.50,439782,2

-17.12,17.20,7.47,439793,2

-21.21,13.78,6.29,439805,2

-29.93,5.16,-1.05,439817,2

-32.40,3.37,-1.44,439827,2

-36.30,3.53,-1.89,439838,2

-38.83,4.94,-0.88,439849,2

-35.35,0.46,0.60,439863,2

-31.34,-5.22,0.29,439875,2

-20.22,-5.38,-2.33,439886,2

0.12,-10.85,-4.32,439898,2

-4.80,13.26,-0.39,439914,2

-4.10,27.07,-24.29,439926,2

-8.05,12.28,-12.47,439938,2

-8.01,7.71,-4.64,439948,2

-5.30,4.13,-2.86,439959,2

-7.38,-0.65,3.85,439972,2

-4.74,-3.69,6.63,439985,2

-2.27,-2.12,2.90,439996,2

-2.14,-1.74,2.79,440007,2

-1.65,-2.25,3.30,440018,2

0.83,-1.85,1.94,440030,2

-1.55,1.82,-2.03,440041,2

-1.37,0.57,-0.74,440052,2

-0.52,0.00,-0.09,440065,2

-0.67,1.18,-1.46,440077,2

-0.17,-0.09,0.18,440088,2

-0.18,0.25,-0.12,440098,2

-0.24,1.13,-1.09,440115,2

-0.27,0.07,-0.10,440127,2

-0.21,-0.20,0.25,440137,2

0.00,-0.54,0.64,440148,2

-0.13,-1.20,1.04,440160,2

-0.42,-0.09,-0.16,440172,2

-0.34,0.03,-0.11,440185,2

-0.35,-0.41,0.13,440197,2

-0.49,-0.27,-0.21,440208,2

-0.35,-0.65,0.15,440219,2

-0.31,-0.91,0.55,440230,2

-0.58,-0.15,-0.22,440242,2

-0.51,-0.37,0.02,440252,2

-0.35,-0.66,0.31,440265,2

-0.25,-0.88,0.46,440276,2

-0.35,-0.30,0.06,440288,2

-0.45,0.15,-0.37,440299,2

-0.39,0.23,-0.57,440310,2

-0.36,0.05,-0.49,440327,2

-0.60,0.37,-0.91,440337,2

-0.55,0.80,-1.17,440348,2

-0.34,0.82,-0.86,440359,2

-0.05,0.78,-0.45,440372,2

0.12,1.33,-0.22,440385,2

-0.21,1.57,-0.65,440396,2

0.19,2.24,-0.67,440408,2

0.13,2.25,-0.98,440418,2

0.23,3.26,-1.31,440429,2

-0.18,2.30,-1.59,440440,2

0.00,3.64,-2.42,440452,3

-0.04,3.73,-2.88,440464,3

0.93,3.20,-2.00,440476,3

1.82,4.55,-0.92,440487,3

2.58,3.96,-0.28,440499,3

3.14,3.96,1.32,440510,3

3.45,4.60,0.83,440522,3

6.00,6.07,2.69,440550,3

6.21,7.06,2.90,440562,3

6.37,9.09,2.19,440574,3

5.21,12.33,3.02,440587,3

1.34,14.54,3.49,440598,2

1.73,14.83,3.26,440609,2

2.05,13.93,2.32,440621,2

6.16,12.90,2.07,440634,2

4.79,12.68,1.63,440645,2

9.39,14.89,0.71,440656,2

32.70,-14.16,-2.66,440668,2

11.94,-4.94,-2.29,440679,2

10.48,4.46,1.55,440690,2

17.71,-1.80,-2.11,440701,1

17.26,1.83,-0.45,440714,1

16.43,6.59,-1.54,440726,1

13.79,1.89,-0.83,440738,1

12.88,-0.43,-0.54,440750,1

12.26,-1.61,-0.75,440765,1

11.92,-2.13,-0.88,440777,1

12.58,0.78,-0.53,440788,1

12.65,1.22,-0.31,440800,1

12.47,1.76,-0.25,440811,1

12.10,2.86,0.42,440823,1

11.45,2.74,0.43,440837,1

10.90,3.10,0.81,440848,1

7.90,7.83,1.91,440859,1

5.49,8.43,1.55,440870,1

2.74,8.32,1.08,440882,1

-1.19,7.17,-0.08,440893,1

-2.13,6.49,-0.07,440904,1

-2.72,7.06,0.50,440916,1

-4.74,10.69,2.87,440928,1

-5.94,11.25,3.14,440939,1

-7.38,11.85,3.22,440950,1

-9.11,11.97,3.38,440962,1

-12.10,11.69,3.66,440978,1

-14.87,13.28,1.72,440989,1

-16.96,12.31,-0.42,440999,1

-21.91,5.51,-3.40,441012,1

-23.96,2.24,-2.33,441024,1

-25.43,0.80,0.31,441037,1

-33.84,11.21,1.90,441049,1

-34.97,10.08,-0.54,441060,1

-33.02,1.55,-1.26,441071,1

-30.45,-6.63,-2.86,441082,1

-23.56,-5.63,-3.84,441094,1

-7.46,9.18,3.63,441105,1

-8.40,4.98,-1.57,441117,1

-1.81,23.18,-20.61,441128,1

-0.73,10.97,-7.10,441140,1

-7.49,14.70,-12.24,441151,1

-9.09,7.90,-3.76,441162,1

-4.44,4.57,-3.39,441178,1

-6.94,0.03,2.30,441189,1

-3.48,0.62,0.07,441200,1

0.95,5.16,-6.29,441212,1

0.50,-0.57,-0.12,441225,1

-1.40,-2.48,2.89,441238,1

-0.02,-0.56,0.46,441248,0

-0.87,0.16,-0.23,441260,0

-0.43,-0.44,0.43,441271,0

-0.74,0.55,-0.73,441283,0

-0.31,-0.21,0.12,441294,0

-0.28,0.07,-0.22,441305,0

-0.51,0.63,-0.76,441318,0

-0.47,0.24,-0.43,441329,0

-0.34,0.35,-0.51,441339,0

-0.18,0.25,-0.34,441351,0

-0.41,0.16,-0.36,441362,0

-0.12,0.15,-0.15,441375,0

-0.28,-0.19,0.18,441390,0

-0.23,-0.54,0.39,441401,0

-0.31,-0.35,0.18,441412,0

-0.27,-0.32,0.02,441424,0

-0.33,-0.43,0.16,441437,0

-0.44,-0.50,0.17,441448,0

-0.40,-0.13,-0.14,441459,0

-0.44,-0.04,-0.32,441470,0

-0.41,-0.02,-0.27,441482,0

-0.32,-0.11,-0.11,441493,0

-0.27,-0.18,0.04,441504,0

-0.25,-0.12,-0.07,441517,0

-0.34,-0.01,-0.26,441529,0

-0.30,-0.12,-0.05,441540,0

-0.34,0.11,-0.30,441550,0

-0.34,0.21,-0.37,441562,0

-0.31,0.44,-0.56,441575,0

-0.16,0.25,-0.22,441589,0

-0.08,0.23,0.00,441601,0

-0.05,0.83,-0.32,441612,0

-0.25,1.06,-0.66,441624,0

0.32,2.48,-0.16,441636,0

0.38,2.06,-0.49,441648,0

-0.61,1.75,-0.99,441659,0

-0.44,2.10,-1.69,441670,0

0.25,3.58,-1.67,441681,0

0.12,1.91,-1.67,441692,0

0.65,2.15,-1.08,441703,0

1.17,2.37,-0.30,441716,0

1.18,2.06,0.02,441729,0

1.81,3.45,0.07,441740,0

1.88,3.96,-0.19,441751,0

2.25,4.66,-0.14,441762,0

2.92,4.92,0.16,441775,0

3.96,6.17,0.70,441787,0

5.48,8.70,1.56,441801,0

6.43,9.17,2.95,441814,0

5.42,12.35,3.76,441826,0

2.08,11.81,3.65,441839,0

2.36,14.54,1.61,441850,0

1.88,10.94,0.26,441861,0

4.04,9.27,0.69,441872,0

4.05,9.70,-0.39,441885,0

7.70,11.13,-0.62,441895,0

19.33,8.43,-2.28,441907,0

28.35,-10.88,-3.30,441919,0

7.00,2.89,1.62,441930,0

17.02,-1.32,-3.99,441942,0

15.82,-0.97,-1.03,441953,0

15.10,4.21,-1.66,441964,0

14.03,4.90,-2.51,441977,0

12.52,0.90,-1.76,441990,0

11.30,-1.85,-1.88,442001,0

11.43,-1.06,-2.06,442016,0

11.62,-0.31,-2.13,442029,0

11.89,0.78,-1.78,442040,0

11.31,1.09,-1.49,442051,0

10.81,1.08,-1.34,442062,0

10.24,1.38,-1.30,442075,0

9.66,1.68,-1.00,442088,0

9.16,3.17,-0.33,442099,0

7.86,4.71,0.18,442110,0

6.81,5.91,0.43,442122,0

3.99,8.06,0.79,442132,0

1.92,8.34,0.65,442143,0

0.00,7.99,0.47,442155,1

-1.70,7.50,0.22,442167,1

-3.49,8.76,0.55,442179,1

-5.84,11.29,1.63,442190,1

-7.21,12.79,2.17,442202,1

-10.13,15.72,2.90,442213,1

-12.27,15.69,3.19,442229,1

-18.48,12.39,2.82,442241,1

-24.05,6.55,0.94,442252,1

-26.48,4.94,-0.05,442263,1

-28.76,4.05,0.25,442275,1

-32.52,4.36,0.57,442288,1

-38.90,8.51,-2.37,442299,2

-31.78,-4.39,-0.98,442310,2

-24.31,0.23,9.00,442321,2

-7.09,-8.11,-6.39,442333,2

1.82,-12.07,-0.19,442344,2

0.17,9.78,1.55,442355,2

-0.76,9.37,-7.05,442368,2

-5.47,14.05,-11.37,442380,2

-7.51,7.13,-3.37,442391,2

-6.34,3.71,-1.43,442402,2

-7.60,-1.30,4.06,442414,2

-7.34,-7.48,9.90,442426,2

0.56,0.07,-0.85,442441,2

-1.75,-1.60,1.80,442452,2

-0.61,-2.25,2.70,442464,2

1.95,-3.56,3.64,442476,2

-1.55,0.10,-0.70,442488,2

-0.66,-0.11,-0.11,442500,2

-0.60,0.93,-1.40,442511,2

-0.25,0.26,-0.78,442522,2

-0.07,-0.31,0.08,442533,2

-0.05,0.09,-0.31,442545,2

-0.19,0.50,-0.77,442556,2

-0.10,0.33,-0.67,442568,2

-0.13,0.20,-0.60,442580,2

0.00,-1.15,0.56,442591,2

-0.12,-0.68,0.34,442602,2

-0.10,-0.60,0.13,442613,2

-0.03,-0.71,0.28,442627,2

-0.37,0.18,-0.69,442641,2

-0.35,0.17,-0.71,442652,2

-0.27,-0.15,-0.36,442663,2

-0.36,0.18,-0.80,442676,2

-0.37,0.16,-0.76,442688,2

-0.32,0.05,-0.61,442699,2

-0.22,-0.09,-0.42,442711,2

-0.20,-0.15,-0.38,442722,2

-0.11,-0.35,-0.10,442733,2

-0.08,-0.47,0.10,442744,2

-0.24,-0.15,-0.30,442756,2

-0.26,0.16,-0.64,442768,2

-0.32,0.33,-0.94,442780,2

-0.20,0.26,-0.74,442791,2

-0.22,0.33,-0.75,442803,2

-0.16,0.33,-0.68,442814,2

-0.14,0.17,-0.57,442826,2

-0.11,0.00,-0.32,442839,2

-0.12,-0.21,-0.12,442853,2

-0.12,-0.37,-0.02,442864,2

-0.24,-0.08,-0.52,442876,2

-0.28,0.02,-0.57,442890,2

-0.32,0.15,-0.58,442901,2

-0.25,0.48,-0.73,442911,2

-0.30,0.74,-0.99,442923,2

-0.28,0.96,-0.99,442934,2

0.04,1.01,-0.42,442945,2

0.14,0.55,-0.32,442956,2

0.18,0.16,-0.06,442969,2

0.20,0.07,-0.17,442981,2

0.29,0.65,-0.17,442992,2

0.01,0.72,-0.55,443003,2

0.23,1.35,-0.54,443015,2

0.34,2.02,-0.94,443027,2

0.39,2.23,-1.21,443039,2

0.12,2.30,-1.74,443051,2

0.81,2.73,-1.15,443066,2

1.23,4.22,-1.58,443078,2

1.97,5.77,-1.60,443090,2

4.08,7.05,1.85,443102,2

4.24,7.52,0.74,443113,2

3.92,7.76,0.42,443124,2

3.85,8.78,-0.58,443137,2

0.57,6.88,-2.08,443148,2

1.14,9.08,-3.50,443159,2

1.47,9.55,-2.33,443171,2

2.09,2.89,0.89,443183,2

3.27,1.10,0.87,443194,2

2.26,2.60,1.35,443204,2

9.50,-3.44,0.20,443217,2

14.26,-12.83,-1.66,443230,2

19.03,-11.85,-1.99,443242,2

13.01,-3.89,-3.44,443253,2

10.98,-3.69,-1.10,443265,2

9.58,-2.33,-1.85,443280,2

9.05,-4.24,-1.73,443292,2

9.25,-4.20,-1.39,443303,2

9.47,-4.06,-1.28,443315,2

9.72,-3.64,-1.30,443326,2

10.00,-2.80,-1.05,443339,2

9.91,-2.72,-0.90,443351,2

9.85,-2.45,-0.66,443362,2

8.73,-0.75,1.00,443373,2

7.35,-0.54,1.37,443384,2

5.77,-0.81,1.61,443396,2

3.98,-0.84,1.75,443407,2

0.76,1.35,1.90,443419,2

-1.10,3.19,1.68,443431,2

-5.33,5.80,1.35,443443,2

-8.80,7.59,0.47,443454,2

-10.53,7.67,0.17,443464,2

-12.07,7.07,0.02,443478,2

-13.90,2.87,-0.03,443492,2

-13.42,2.18,-0.33,443503,2

-12.95,2.08,-0.65,443514,2

-11.28,1.79,-0.05,443527,2

-9.92,3.75,4.50,443540,2

-17.48,1.33,7.15,443551,2

-27.63,5.30,0.22,443563,2

-17.10,8.92,-12.67,443574,2

-15.47,4.08,-10.57,443585,2

-5.87,-3.06,-1.51,443595,2

3.07,9.85,-9.84,443607,2

5.45,-2.37,2.73,443620,2

4.17,-4.09,4.95,443632,2

-0.82,0.59,-1.22,443643,2

-0.22,0.14,-0.52,443654,2

-0.63,0.92,-1.24,443665,2

-0.78,-0.81,0.39,443677,2

-0.07,-1.23,0.85,443693,2

0.02,-1.40,1.14,443704,2

0.19,-0.81,0.63,443715,2

-0.22,0.15,-0.64,443726,2

-0.50,0.49,-1.10,443740,2

-0.57,0.94,-1.59,443752,2

-0.35,0.26,-0.80,443763,2

-0.20,-0.06,-0.44,443773,2

-0.16,-0.15,-0.28,443785,2

-0.24,-0.09,-0.31,443796,2

-0.22,-0.07,-0.31,443807,1

-0.23,-0.10,-0.28,443820,1

-0.25,-0.25,-0.29,443832,1

-0.04,-0.31,-0.16,443843,1

-0.16,-0.06,-0.38,443854,1

-0.18,0.08,-0.45,443866,1

-0.24,0.10,-0.57,443878,1

-0.23,0.11,-0.57,443890,1

-0.14,0.03,-0.41,443913,1

-0.18,0.07,-0.55,443924,1

-0.21,0.03,-0.48,443935,1

-0.21,-0.09,-0.32,443947,1

-0.19,0.00,-0.34,443958,1

-0.25,0.00,-0.37,443968,1

-0.23,0.04,-0.48,443981,1

-0.13,0.05,-0.46,443993,1

-0.14,-0.09,-0.22,444004,1

-0.19,-0.02,-0.36,444015,1

-0.20,0.04,-0.49,444026,1

-0.21,0.04,-0.45,444039,1

-0.20,0.01,-0.43,444050,1

-0.22,0.01,-0.41,444062,1

-0.22,0.06,-0.50,444073,1

-0.21,0.10,-0.49,444085,1

-0.21,0.04,-0.40,444096,1

-0.20,0.00,-0.30,444110,1

-0.18,-0.02,-0.26,444123,1

-0.16,-0.05,-0.32,444133,1

-0.10,-0.12,-0.17,444144,1

-0.12,-0.03,-0.24,444155,1

0.07,0.01,-0.25,444167,1

0.01,-0.15,-0.19,444179,1

-0.05,-0.05,-0.24,444192,1

-0.21,0.01,-0.33,444204,1

-0.14,-0.11,-0.18,444215,1

-0.10,0.00,-0.35,444225,1

-0.11,-0.08,-0.21,444236,1

-0.15,-0.04,-0.24,444248,1

-0.14,-0.01,-0.28,444259,1

-0.23,0.07,-0.43,444271,1

-0.20,0.02,-0.44,444283,1

-0.13,-0.06,-0.22,444295,1

-0.10,-0.10,-0.14,444305,1

-0.13,-0.08,-0.20,444321,1

-0.17,-0.01,-0.37,444334,1

-0.17,0.02,-0.30,444345,1

-0.14,0.02,-0.30,444355,1

-0.15,0.01,-0.30,444366,1

0.06,-0.02,-0.27,444379,1

-0.01,-0.09,-0.15,444391,1

-0.09,-0.09,-0.17,444402,1

-0.08,-0.05,-0.19,444413,1

-0.12,0.00,-0.32,444425,1

0.00,0.07,-0.32,444436,1

0.08,-0.06,-0.13,444447,1

-0.15,0.00,-0.25,444457,1

-0.15,0.00,-0.28,444469,1

-0.15,0.00,-0.38,444481,1

-0.12,0.11,-0.40,444493,1

-0.24,-0.02,-0.23,444505,1

-0.22,-0.07,-0.22,444520,1

-0.15,-0.08,-0.28,444532,1

-0.15,-0.07,-0.23,444544,1

-0.15,-0.09,-0.15,444555,1

-0.17,-0.12,-0.11,444566,1

-0.16,-0.10,-0.27,444577,1

-0.12,-0.07,-0.25,444590,1

-0.08,-0.04,-0.21,444601,1

-0.07,0.00,-0.19,444613,2

-0.11,0.00,-0.33,444624,2

-0.06,-0.03,-0.22,444635,2

-0.03,-0.05,-0.15,444646,2

-0.15,-0.08,-0.18,444657,2

-0.13,-0.05,-0.19,444668,2

-0.13,-0.05,-0.29,444681,2

-0.11,-0.04,-0.20,444694,2

-0.10,-0.03,-0.18,444704,2

-0.10,-0.06,-0.12,444721,2

-0.10,-0.06,-0.21,444733,2

-0.09,-0.03,-0.18,444744,2

-0.10,0.00,-0.21,444755,2

-0.13,-0.01,-0.25,444767,2

-0.08,-0.05,-0.27,444778,2

-0.06,-0.02,-0.21,444791,2

-0.02,-0.05,-0.14,444803,2

-0.14,-0.04,-0.21,444814,2

-0.06,-0.06,-0.22,444825,2

-0.09,-0.09,-0.17,444836,2

-0.03,-0.07,-0.10,444848,2

-0.08,-0.06,-0.13,444860,2

-0.09,-0.03,-0.16,444872,2

-0.09,-0.04,-0.26,444884,2

-0.10,-0.03,-0.20,444895,2

-0.11,-0.04,-0.18,444906,2

-0.13,-0.03,-0.16,444922,2

-0.06,-0.06,-0.22,444935,2

-0.10,-0.04,-0.18,444945,2

-0.09,-0.04,-0.12,444956,2

-0.10,-0.07,-0.15,444967,2

-0.07,-0.09,-0.21,444980,2

-0.09,-0.08,-0.17,444993,2

-0.12,-0.06,-0.14,445004,2

-0.07,-0.04,-0.16,445016,2

-0.08,-0.04,-0.23,445027,2

-0.07,-0.05,-0.14,445038,2

-0.07,-0.08,-0.08,445048,2

-0.11,-0.05,-0.13,445062,2

-0.11,-0.05,-0.19,445074,2

-0.06,-0.04,-0.19,445085,2

-0.08,-0.05,-0.12,445096,2

-0.06,-0.05,-0.13,445107,2

-0.09,-0.05,-0.17,445123,2

-0.08,-0.07,-0.24,445134,2

-0.08,-0.04,-0.17,445146,2

-0.09,-0.03,-0.13,445157,2

-0.07,-0.04,-0.13,445168,2

-0.07,-0.07,-0.21,445180,2

-0.08,-0.08,-0.20,445194,2

-0.11,-0.06,-0.13,445205,2

-0.10,-0.06,-0.14,445216,2

-0.06,-0.02,-0.22,445228,2

-0.06,-0.02,-0.18,445239,2

-0.06,-0.10,-0.10,445250,2

-0.08,-0.08,-0.08,445262,2

-0.10,-0.09,-0.13,445275,2

-0.09,-0.10,-0.17,445286,2

-0.10,-0.09,-0.13,445297,2

-0.06,-0.09,-0.05,445307,2

-0.05,-0.07,-0.09,445324,2

-0.06,-0.03,-0.20,445335,2

-0.11,-0.05,-0.09,445346,2

-0.12,-0.04,-0.16,445358,2

-0.11,-0.03,-0.17,445369,2

-0.10,-0.04,-0.22,445381,2

-0.09,-0.04,-0.15,445393,2

-0.06,-0.08,-0.09,445405,2

-0.06,-0.07,-0.09,445416,2

-0.05,-0.11,-0.16,445427,2

-0.07,-0.05,-0.18,445438,2

-0.08,-0.05,-0.15,445450,2

-0.07,-0.07,-0.15,445463,2

-0.09,-0.07,-0.13,445474,2

-0.10,-0.05,-0.22,445486,2

-0.11,-0.06,-0.18,445497,2

-0.05,-0.01,-0.13,445508,2

-0.04,-0.04,-0.12,445524,2

-0.08,-0.07,-0.12,445536,2

-0.09,-0.07,-0.14,445547,2

-0.06,-0.07,-0.08,445558,2

-0.04,-0.08,-0.06,445569,2

-0.08,-0.02,-0.24,445582,2

-0.10,-0.03,-0.19,445594,2

-0.10,-0.06,-0.08,445605,3

-0.06,-0.09,-0.06,445617,3

-0.06,-0.11,-0.13,445628,3

-0.06,-0.10,-0.09,445639,3

-0.08,-0.08,-0.06,445650,3

-0.02,-0.10,0.00,445663,3

-0.01,-0.14,-0.03,445675,3

-0.12,-0.04,-0.24,445686,3

-0.16,0.02,-0.21,445698,3

-0.12,0.00,-0.16,445709,3

-0.08,-0.01,-0.13,445720,3

-0.06,0.00,-0.19,445735,3

-0.08,-0.10,-0.11,445747,3

-0.10,-0.05,-0.11,445758,3

-0.09,-0.07,-0.08,445768,3

-0.05,-0.10,-0.14,445780,3

-0.05,-0.04,-0.17,445793,3

-0.05,-0.05,-0.13,445804,3

-0.07,-0.05,-0.12,445816,3

-0.04,-0.06,-0.19,445827,3

-0.05,-0.07,-0.10,445838,3

-0.03,-0.06,-0.07,445849,3

-0.03,-0.08,-0.03,445861,3

-0.06,-0.10,-0.03,445875,3

-0.06,-0.07,-0.14,445886,3

-0.06,-0.04,-0.11,445897,3

-0.07,-0.03,-0.13,445908,3

-0.04,-0.09,-0.05,445919,3

-0.08,-0.07,-0.16,445935,3

-0.09,-0.08,-0.11,445946,3

-0.07,-0.06,-0.06,445958,3

-0.07,-0.06,-0.12,445969,3

-0.06,-0.06,-0.15,445980,3

-0.06,-0.06,-0.12,445992,3

-0.10,-0.04,-0.13,446004,3

-0.07,-0.04,-0.07,446016,3

-0.06,-0.08,-0.15,446027,3

-0.09,-0.05,-0.15,446039,3

-0.09,-0.08,-0.07,446050,3

-0.10,-0.11,-0.04,446061,3

-0.08,-0.08,-0.06,446073,3

-0.05,-0.07,-0.13,446086,3

-0.01,-0.06,-0.11,446097,3

-0.06,-0.05,-0.07,446108,3

-0.05,-0.06,-0.14,446119,3

-0.07,-0.11,-0.17,446135,3

-0.07,-0.06,-0.11,446147,3

-0.07,-0.04,-0.07,446158,3

-0.06,-0.02,-0.11,446169,3

-0.09,-0.04,-0.19,446181,3

-0.07,-0.07,-0.13,446193,3

-0.10,-0.09,-0.06,446204,3

-0.06,-0.06,-0.10,446217,3

-0.06,-0.03,-0.16,446228,3

-0.04,-0.02,-0.14,446239,3

-0.04,-0.07,-0.06,446249,3

-0.07,-0.11,-0.05,446261,3

-0.10,-0.07,-0.09,446272,3

-0.08,-0.05,-0.19,446285,3

-0.07,-0.06,-0.14,446297,3

-0.05,-0.03,-0.09,446308,3

-0.11,-0.04,-0.14,446319,3

-0.08,-0.07,-0.18,446336,3

-0.10,-0.05,-0.17,446347,3

-0.05,-0.10,0.00,446358,3

-0.05,-0.11,-0.03,446369,3

-0.07,-0.12,-0.15,446381,3

-0.07,-0.11,-0.09,446393,3

-0.06,-0.09,-0.08,446404,3

-0.06,-0.09,-0.10,446415,3

-0.09,-0.06,-0.09,446427,3

-0.09,-0.07,-0.11,446438,3

-0.07,-0.08,-0.10,446449,3

-0.07,-0.07,-0.11,446460,3

-0.08,-0.03,-0.15,446472,3

-0.02,-0.07,-0.13,446484,3

-0.03,-0.08,-0.09,446496,3

-0.13,-0.09,-0.10,446508,3

-0.12,-0.12,-0.09,446519,3

-0.12,-0.11,-0.18,446535,3

-0.09,-0.10,-0.13,446546,3

-0.06,-0.05,-0.07,446558,3

-0.07,-0.07,-0.06,446569,3

-0.07,-0.07,-0.16,446580,3

-0.10,-0.05,-0.14,446593,3

-0.04,-0.05,-0.09,446604,3

-0.05,-0.05,-0.06,446616,3

-0.07,-0.06,-0.19,446627,3

-0.07,-0.07,-0.13,446639,3

-0.07,-0.05,-0.09,446650,3

-0.08,-0.09,-0.06,446661,3

-0.07,-0.05,-0.12,446673,3

-0.06,-0.08,-0.14,446687,3

-0.08,-0.08,-0.09,446698,3

-0.08,-0.11,-0.05,446709,3

-0.05,-0.10,-0.06,446720,3

-0.09,-0.06,-0.20,446736,3

-0.06,-0.06,-0.09,446748,3

-0.06,-0.08,-0.04,446758,3

-0.10,-0.06,-0.10,446770,3

-0.10,-0.06,-0.20,446782,3

-0.08,-0.07,-0.13,446794,3

-0.06,-0.08,-0.11,446807,3

-0.06,-0.11,-0.11,446818,3

-0.09,-0.11,-0.16,446829,3

-0.10,-0.08,-0.14,446840,3

-0.10,-0.08,-0.09,446852,3

-0.07,-0.08,-0.05,446864,3

-0.10,-0.06,-0.09,446876,3

-0.10,-0.05,-0.17,446887,3

-0.10,-0.06,-0.14,446899,3

-0.10,-0.06,-0.08,446910,3

-0.08,-0.08,-0.06,446922,3

-0.10,-0.09,-0.13,446938,3

-0.06,-0.11,-0.07,446949,3

-0.06,-0.10,-0.06,446959,3

-0.09,-0.06,-0.10,446970,3

-0.11,-0.08,-0.20,446984,3

-0.10,-0.06,-0.16,446996,3

-0.06,-0.06,-0.07,447007,3

-0.09,-0.10,-0.13,447019,3

-0.12,-0.09,-0.19,447030,3

-0.14,-0.06,-0.19,447041,3

-0.07,-0.08,-0.08,447052,3

-0.07,-0.08,-0.09,447065,3

-0.06,-0.07,-0.10,447077,3

-0.05,-0.07,-0.12,447088,3

-0.10,-0.06,-0.11,447099,3

-0.07,-0.04,-0.13,447111,3

-0.09,-0.06,-0.08,447122,3

-0.07,-0.10,-0.07,447149,3

-0.08,-0.12,-0.04,447160,3

-0.11,-0.05,-0.17,447171,3

-0.10,-0.08,-0.18,447182,3

-0.10,-0.10,-0.13,447195,3

-0.12,-0.07,-0.13,447207,3

-0.10,-0.08,-0.13,447218,3

-0.11,-0.08,-0.19,447229,3

-0.09,-0.06,-0.16,447241,3

-0.06,-0.08,-0.08,447252,3

-0.10,-0.09,-0.09,447264,3

-0.10,-0.04,-0.09,447278,3

-0.08,-0.06,-0.15,447289,3

-0.08,-0.04,-0.12,447300,3

-0.11,-0.06,-0.13,447310,3

-0.11,-0.06,-0.12,447323,3

-0.08,-0.11,-0.12,447335,3

-0.07,-0.08,-0.08,447349,3

-0.11,-0.07,-0.09,447361,3

-0.09,-0.04,-0.14,447372,3

-0.09,-0.07,-0.17,447384,3

-0.10,-0.07,-0.16,447396,3

-0.13,-0.05,-0.12,447409,3

-0.10,-0.05,-0.12,447420,3

-0.09,-0.03,-0.19,447430,3

-0.07,-0.09,-0.09,447441,3

-0.07,-0.12,-0.06,447453,3

-0.09,-0.12,-0.05,447465,3

-0.11,-0.10,-0.07,447477,3

-0.13,-0.06,-0.15,447489,3

-0.12,-0.07,-0.11,447500,3

-0.11,-0.09,-0.09,447511,3

-0.12,-0.08,-0.13,447522,3

-0.12,-0.07,-0.22,447536,3

-0.10,-0.10,-0.11,447550,3

-0.17,-0.08,-0.15,447561,3

-0.14,-0.10,-0.13,447572,3

-0.14,-0.10,-0.20,447585,3

-0.13,-0.09,-0.11,447597,3

-0.10,-0.03,-0.15,447609,3

-0.07,-0.03,-0.10,447620,3

-0.10,-0.02,-0.21,447631,3

-0.10,-0.05,-0.17,447642,3

-0.11,-0.06,-0.15,447653,3

-0.12,-0.08,-0.12,447667,3

-0.15,-0.08,-0.15,447678,3

-0.12,-0.08,-0.15,447689,3

-0.11,-0.09,-0.10,447700,3

-0.10,-0.11,-0.09,447712,3

-0.13,-0.12,-0.10,447724,3

-0.11,-0.13,-0.13,447736,3

-0.07,-0.07,-0.10,447751,3

-0.10,-0.07,-0.08,447762,3

-0.14,-0.09,-0.10,447774,3

-0.14,-0.06,-0.21,447787,3

-0.13,-0.05,-0.15,447799,3

-0.13,-0.06,-0.13,447810,3

-0.11,-0.06,-0.08,447821,3

-0.10,-0.06,-0.19,447833,3

-0.10,-0.08,-0.14,447844,3

-0.11,-0.10,-0.09,447855,3

-0.10,-0.09,-0.10,447867,3

-0.11,-0.13,-0.07,447880,3

-0.14,-0.06,-0.18,447890,3

-0.10,-0.07,-0.12,447901,3

-0.11,-0.05,-0.12,447912,3

-0.10,-0.05,-0.09,447926,3

-0.08,-0.06,-0.15,447938,3

-0.11,-0.13,-0.05,447953,3

-0.13,-0.12,-0.08,447966,3

-0.13,-0.09,-0.11,447978,3

-0.09,-0.07,-0.12,447989,3

-0.10,-0.05,-0.11,448001,3

-0.09,-0.08,-0.08,448012,3

-0.11,-0.09,-0.10,448023,3

-0.12,-0.06,-0.18,448036,3

-0.11,-0.09,-0.15,448049,3

-0.09,-0.06,-0.08,448060,3

-0.10,-0.06,-0.09,448071,3

-0.09,-0.07,-0.18,448082,3

-0.11,-0.09,-0.18,448094,3

-0.07,-0.08,-0.09,448105,3

-0.09,-0.07,-0.10,448117,3

-0.09,-0.06,-0.10,448130,3

-0.06,-0.08,-0.09,448141,3

-0.08,-0.10,-0.08,448155,3

-0.10,-0.11,-0.09,448167,3

-0.13,-0.10,-0.12,448180,3

-0.10,-0.07,-0.16,448191,3

-0.05,-0.10,-0.08,448201,3

-0.10,-0.06,-0.10,448212,3

-0.10,-0.05,-0.18,448225,3

-0.10,-0.05,-0.20,448237,3

-0.10,-0.06,-0.16,448249,3

-0.12,-0.08,-0.11,448261,3

-0.13,-0.09,-0.16,448272,3

-0.13,-0.05,-0.20,448283,3

-0.09,-0.07,-0.14,448295,3

-0.09,-0.06,-0.10,448306,3

-0.07,-0.07,-0.06,448319,3

-0.08,-0.07,-0.17,448330,3

-0.11,-0.11,-0.09,448342,3

-0.12,-0.11,-0.10,448353,3

-0.10,-0.11,-0.06,448368,3

-0.10,-0.05,-0.15,448380,3

-0.09,-0.05,-0.16,448392,3

-0.10,-0.03,-0.14,448402,3

-0.09,-0.10,-0.05,448413,3

-0.10,-0.11,-0.08,448425,3

-0.10,-0.11,-0.18,448439,3

-0.09,-0.12,-0.13,448450,3

-0.09,-0.07,-0.11,448461,3

-0.10,-0.12,-0.07,448473,3

-0.12,-0.05,-0.20,448484,3

-0.11,-0.02,-0.17,448497,3

-0.10,-0.04,-0.15,448509,3

-0.11,-0.07,-0.16,448521,3

-0.12,-0.07,-0.20,448532,3

-0.07,-0.11,-0.11,448543,3

-0.08,-0.12,-0.09,448553,3

-0.13,-0.09,-0.07,448570,3

-0.12,-0.10,-0.16,448581,3

-0.08,-0.09,-0.15,448591,3

-0.06,-0.10,-0.05,448603,3

-0.11,-0.07,-0.07,448614,3

-0.09,-0.06,-0.11,448627,3

-0.07,-0.04,-0.19,448640,3

-0.12,-0.05,-0.13,448651,3

-0.13,-0.06,-0.09,448662,3

-0.11,-0.06,-0.10,448673,3

-0.10,-0.10,-0.19,448685,3

-0.06,-0.15,-0.09,448697,3

-0.09,-0.10,-0.08,448709,3

-0.14,-0.08,-0.17,448720,3

-0.12,-0.05,-0.23,448732,3

-0.08,-0.07,-0.15,448743,3

-0.09,-0.05,-0.09,448754,3

-0.08,-0.08,-0.05,448770,3

-0.09,-0.06,-0.19,448781,3

-0.07,-0.05,-0.14,448792,3

-0.10,-0.06,-0.12,448803,3

-0.11,-0.10,-0.10,448815,3

-0.10,-0.10,-0.09,448827,3

-0.10,-0.06,-0.21,448840,3

-0.11,-0.07,-0.13,448851,3

-0.11,-0.08,-0.12,448863,3

-0.09,-0.08,-0.14,448873,3

-0.09,-0.08,-0.20,448885,3

-0.11,-0.07,-0.15,448898,3

-0.09,-0.07,-0.14,448909,3

-0.09,-0.08,-0.06,448920,3

-0.07,-0.07,-0.16,448931,3

-0.05,-0.08,-0.12,448943,3

-0.06,-0.07,-0.08,448954,3

-0.10,-0.05,-0.11,448969,3

-0.12,-0.06,-0.10,448980,3

-0.13,-0.06,-0.17,448992,3

-0.13,-0.03,-0.13,449003,3

-0.08,-0.06,-0.11,449014,3

-0.06,-0.06,-0.07,449027,3

-0.08,-0.10,-0.12,449039,3

-0.05,-0.10,-0.05,449051,3

-0.10,-0.09,-0.09,449062,3

-0.09,-0.09,-0.13,449074,3

-0.09,-0.09,-0.23,449085,3

-0.11,-0.05,-0.17,449097,3

-0.08,-0.05,-0.10,449108,3

-0.07,-0.08,-0.09,449121,3

-0.08,-0.08,-0.16,449132,3

-0.10,-0.09,-0.10,449143,3

-0.07,-0.07,-0.11,449154,3

-0.07,-0.06,-0.10,449169,3

-0.07,-0.06,-0.06,449181,3

-0.08,-0.03,-0.15,449191,3

-0.06,-0.05,-0.11,449203,3

-0.07,-0.08,-0.07,449214,3

-0.15,-0.02,-0.21,449225,3

-0.15,-0.03,-0.27,449239,3

-0.13,-0.05,-0.18,449251,3

-0.09,-0.08,-0.07,449262,3

-0.07,-0.06,-0.09,449273,3

-0.07,-0.07,-0.20,449284,3

-0.08,-0.09,-0.15,449296,3

-0.08,-0.07,-0.10,449307,3

-0.12,-0.09,-0.09,449319,3

-0.13,-0.05,-0.14,449332,3

-0.10,-0.08,-0.16,449342,3

-0.09,-0.07,-0.11,449353,3

-0.09,-0.09,-0.07,449370,3

-0.07,-0.09,-0.10,449382,3

-0.11,-0.06,-0.15,449392,3

-0.09,-0.07,-0.10,449403,3

-0.11,-0.05,-0.12,449415,3

-0.10,-0.02,-0.13,449427,3

-0.08,-0.08,-0.20,449439,3

-0.06,-0.11,-0.14,449452,3

-0.11,-0.10,-0.07,449463,3

-0.11,-0.10,-0.08,449474,3

-0.09,-0.07,-0.17,449485,3

-0.10,-0.08,-0.14,449497,3

-0.10,-0.05,-0.12,449508,3

-0.09,-0.07,-0.10,449520,3

-0.09,-0.07,-0.08,449532,3

-0.10,-0.11,-0.13,449543,3

-0.08,-0.07,-0.10,449554,3

-0.11,-0.07,-0.12,449570,3

-0.07,-0.06,-0.11,449582,3

-0.10,-0.05,-0.14,449593,3

-0.11,-0.05,-0.16,449604,3

-0.12,-0.05,-0.15,449615,3

-0.10,-0.04,-0.13,449628,3

-0.07,-0.05,-0.20,449641,3

-0.11,-0.04,-0.15,449652,3

-0.08,-0.09,-0.07,449664,3

